[
  [54.5409641786287, 16.5797179630218],
  [54.5410084717255, 16.5798936739279],
  [54.541022395006, 16.5800081629759],
  [54.5410202654354, 16.5802936594523],
  [54.5409930382403, 16.5805537564856],
  [54.5411170312312, 16.5808446110948],
  [54.5411092323548, 16.5810069872557],
  [54.5411829762954, 16.5813496563254],
  [54.5412060691876, 16.5815642751443],
  [54.5412484357926, 16.5817215117946],
  [54.5412615791488, 16.5818692539471],
  [54.5413008897802, 16.581949793664],
  [54.5413433214375, 16.5820972931568],
  [54.5415615961765, 16.5830733397862],
  [54.5416124147594, 16.5832159147073],
  [54.5416185724535, 16.5832583530767],
  [54.5416381111999, 16.5833922763584],
  [54.5416736910566, 16.5835302801477],
  [54.5417076089404, 16.5836875041503],
  [54.5417649230995, 16.5841163646823],
  [54.54181320129, 16.5843644230559],
  [54.5420713472733, 16.5867620888514],
  [54.5422071277245, 16.5872710781749],
  [54.54232646923, 16.5878806245634],
  [54.5425161196642, 16.5886560397799],
  [54.5430212514887, 16.5904428632286],
  [54.5434196220806, 16.5912888462731],
  [54.5440375732817, 16.5917095517835],
  [54.5441201135253, 16.5925327491132],
  [54.5445709514814, 16.5930936866133],
  [54.5448424875013, 16.5932796904676],
  [54.5452980661887, 16.593792727255],
  [54.5453428874878, 16.5944795472374],
  [54.5460461381958, 16.5953913357546],
  [54.5462741742832, 16.5961803742317],
  [54.5467932924548, 16.5971915727298],
  [54.5470087335052, 16.597840731131],
  [54.5472212923798, 16.5990946184853],
  [54.5468616780832, 16.5993401643822],
  [54.546934057671, 16.5997480280625],
  [54.5469635252696, 16.6000349548871],
  [54.5470048971288, 16.6004965856198],
  [54.5470345888262, 16.6008807210827],
  [54.5470298106233, 16.6011434740756],
  [54.5469642349665, 16.6015333419331],
  [54.5468768108045, 16.6019842320183],
  [54.5468630242786, 16.6021363215786],
  [54.5468176730824, 16.6024105063383],
  [54.5467422514766, 16.602609523034],
  [54.546671418354, 16.6027001944327],
  [54.5466533952748, 16.6027345031688],
  [54.546609284159, 16.6028905644492],
  [54.5465644519632, 16.60303088557],
  [54.5464953522034, 16.6031860998628],
  [54.5464381943643, 16.6032705840375],
  [54.5463800706237, 16.6033258904912],
  [54.5463227270707, 16.6034176445431],
  [54.5462997133698, 16.6034555232956],
  [54.5462422076722, 16.6034865434758],
  [54.5462067465765, 16.6035124831146],
  [54.5461705264362, 16.6035505036909],
  [54.5460197541129, 16.6038693929754],
  [54.5459513822391, 16.6040488434273],
  [54.5459134049407, 16.6041915543191],
  [54.545903131863, 16.6043135366697],
  [54.5459035552822, 16.6044592637858],
  [54.545918356101, 16.6046051183952],
  [54.545957698078, 16.6046897060776],
  [54.5460688827121, 16.6049501947014],
  [54.546138969695, 16.6051686577528],
  [54.5461643678714, 16.6053141519286],
  [54.5461648954281, 16.6054846047246],
  [54.5461441258271, 16.6056548565559],
  [54.5461089754216, 16.6058013339908],
  [54.5460033910577, 16.6061123371589],
  [54.545907947592, 16.606289770118],
  [54.5457078599461, 16.6065713812009],
  [54.5455643218558, 16.6067467415503],
  [54.5454935042049, 16.6068312205767],
  [54.5454107969171, 16.6068819490871],
  [54.5451800599598, 16.6070301409972],
  [54.5450365938935, 16.6071181755582],
  [54.5447555618038, 16.607299450951],
  [54.5446209143186, 16.6073652377127],
  [54.5444682165597, 16.6074396751854],
  [54.5442815311065, 16.6075744602753],
  [54.5441661563662, 16.6076675615451],
  [54.5439897484972, 16.6078678302198],
  [54.5438693701385, 16.6080414628004],
  [54.5437351199439, 16.608337037098],
  [54.5436703436362, 16.608525001882],
  [54.5436326981035, 16.6086579530719],
  [54.5436023540241, 16.608722657019],
  [54.5435726484788, 16.6087803847496],
  [54.5435266898554, 16.6088389744758],
  [54.5434939549862, 16.6088598695957],
  [54.5434484913759, 16.6088677526322],
  [54.5434306662512, 16.6088569230279],
  [54.5433856968743, 16.6088062180627],
  [54.5433342022998, 16.6087350267169],
  [54.5432985520261, 16.6087133676927],
  [54.5432573223599, 16.6087065799413],
  [54.5432082517539, 16.608728958117],
  [54.5431622493494, 16.6088071755075],
  [54.5431291779639, 16.608931623973],
  [54.5431203477526, 16.6090544748902],
  [54.5432160723204, 16.6091824235591],
  [54.5432418770915, 16.6092308443198],
  [54.5432499498802, 16.6092843499428],
  [54.5432181541013, 16.6096605017214],
  [54.5431746164574, 16.6099845082689],
  [54.5431452213283, 16.6101318573576],
  [54.5431355975585, 16.6102170271613],
  [54.5431397900497, 16.6103082180364],
  [54.5431749308751, 16.6103872302171],
  [54.5432755106113, 16.6104686548868],
  [54.5433366061867, 16.6104449428569],
  [54.5433939643821, 16.6103774680239],
  [54.5434233928545, 16.6104441570226],
  [54.5433533695103, 16.6107857546764],
  [54.5433392292246, 16.6108219341143],
  [54.543282350246, 16.6108529202882],
  [54.5432223954756, 16.6109994527727],
  [54.5431662919245, 16.6112310058134],
  [54.5431670185596, 16.611419520521],
  [54.5431958310493, 16.6115656646725],
  [54.5432706894617, 16.611856441265],
  [54.5432674833451, 16.6119842008537],
  [54.5432747530698, 16.6120539610857],
  [54.5432785701562, 16.6121360472662],
  [54.5433038980503, 16.6122056582453],
  [54.5433626686456, 16.6122690344114],
  [54.5434622699359, 16.6123044438726],
  [54.5435639211522, 16.6122914122967],
  [54.5436506737107, 16.612232832711],
  [54.5439234822335, 16.6118197514681],
  [54.5439763634335, 16.6117613931279],
  [54.5448132081787, 16.6115010042791],
  [54.5448609270457, 16.6114156193057],
  [54.5449263642122, 16.6113083048263],
  [54.5449778098694, 16.6112501476742],
  [54.5450559302313, 16.6112066935861],
  [54.5451963509644, 16.611205323801],
  [54.5453496341467, 16.6112834187758],
  [54.5455314050171, 16.6114089207124],
  [54.5457311916287, 16.6115775496162],
  [54.545800654685, 16.6116252649955],
  [54.5458932357139, 16.6116517947975],
  [54.5459732862014, 16.6116512401314],
  [54.5460496588765, 16.6116199000786],
  [54.5462581885212, 16.6115560978834],
  [54.5463286316629, 16.61154829622],
  [54.5463878739307, 16.611558803035],
  [54.5464619695428, 16.6115952339965],
  [54.5467563607416, 16.6118179946682],
  [54.547042503839, 16.6121285167262],
  [54.5473544807126, 16.6126781921789],
  [54.5474507323187, 16.6128681216823],
  [54.5477956553011, 16.6134077263522],
  [54.5478460465787, 16.6135083346748],
  [54.5479491220815, 16.6137136473816],
  [54.5480386302413, 16.6139268399453],
  [54.5481235574328, 16.6141401887288],
  [54.5481901592038, 16.6143068643507],
  [54.5482430578488, 16.6145087808502],
  [54.5482812054808, 16.6147486011827],
  [54.5483113108842, 16.6149766387535],
  [54.5483354030546, 16.6152680953627],
  [54.5483377727874, 16.6154751254207],
  [54.5483165570418, 16.6157882094275],
  [54.548345017551, 16.6163203230495],
  [54.5483866788503, 16.6165691457488],
  [54.5484479780461, 16.6168302875649],
  [54.548520012706, 16.6171031227161],
  [54.5487236331018, 16.6176393631988],
  [54.5488302285546, 16.6181612685962],
  [54.5488662567321, 16.6182948287095],
  [54.5489100835465, 16.6183795930087],
  [54.5489368918913, 16.6184218097944],
  [54.5489582264023, 16.618448909965],
  [54.548990352567, 16.6184611165974],
  [54.549016964328, 16.6184546529904],
  [54.5491714205977, 16.618352676548],
  [54.5492122865879, 16.6183434126189],
  [54.5492362373972, 16.618339975537],
  [54.5492558252023, 16.6183793454013],
  [54.5492810597447, 16.6184489734599],
  [54.5492866545897, 16.6185218928959],
  [54.5492708647474, 16.6186105276456],
  [54.5492389814557, 16.6186746668714],
  [54.5491788165864, 16.6187328062636],
  [54.5491345896555, 16.6187939619241],
  [54.5491133290732, 16.6188520230674],
  [54.5490976940663, 16.618946370899],
  [54.549103449664, 16.619064880656],
  [54.5491271306408, 16.6192503289261],
  [54.5491885177522, 16.6195354336866],
  [54.5492031277117, 16.6196661644118],
  [54.5492592430726, 16.6199696867532],
  [54.5492739002186, 16.6201124722029],
  [54.5492664325171, 16.6205291179502],
  [54.5492810555317, 16.6206689680617],
  [54.5493187415886, 16.6207748089977],
  [54.5493956946979, 16.6208808710202],
  [54.5494204363333, 16.6208837458501],
  [54.5494899151539, 16.6209252980832],
  [54.5495416949759, 16.6209827494025],
  [54.5495803000195, 16.6210431183248],
  [54.5495982016011, 16.6211159326301],
  [54.5496074455796, 16.6212253617017],
  [54.5496044021681, 16.6214076960265],
  [54.5495731385729, 16.6216209674051],
  [54.5495689485138, 16.6217184843042],
  [54.5496338117583, 16.62197009259],
  [54.5496339522876, 16.6220218670295],
  [54.5495777028074, 16.6222503546941],
  [54.5495584318877, 16.62235703538],
  [54.549572221927, 16.6224633746884],
  [54.549660153906, 16.6227210077641],
  [54.549712446358, 16.6229577396919],
  [54.549765181586, 16.6233281561813],
  [54.5498011153884, 16.6239909585692],
  [54.5499037173983, 16.6249385474491],
  [54.5499108020309, 16.6255224128604],
  [54.5499289569312, 16.6256256706041],
  [54.5499301859587, 16.6257259424538],
  [54.5499541034746, 16.6259964014146],
  [54.550001252917, 16.6262634523333],
  [54.5500641950051, 16.6264970506257],
  [54.5502131533073, 16.6269311698465],
  [54.5502313469624, 16.6270458656036],
  [54.5502369578808, 16.6271523282966],
  [54.5502301902626, 16.6272527149027],
  [54.5502346619809, 16.6283994508007],
  [54.5502228931825, 16.6286214944751],
  [54.5502339384796, 16.6287398312519],
  [54.5502415150956, 16.6289009448925],
  [54.5502483018985, 16.6290716682243],
  [54.5502310280602, 16.6292203225515],
  [54.5502103714652, 16.6293876381818],
  [54.5501999723888, 16.6295641928848],
  [54.5501943951979, 16.6297619160588],
  [54.5501968212183, 16.6299443779742],
  [54.5502113213904, 16.6300505430239],
  [54.5502403494963, 16.6302177389011],
  [54.5502800776317, 16.6304332651002],
  [54.550321434699, 16.6305546057648],
  [54.5506152396852, 16.6312209988586],
  [54.5506376508877, 16.6313117528505],
  [54.5506397633834, 16.6313634625027],
  [54.5506224072416, 16.6315765749544],
  [54.5506016708669, 16.6317530131375],
  [54.5505677343573, 16.6319937295133],
  [54.550564648215, 16.6321578294577],
  [54.5505813065813, 16.6323676391776],
  [54.5506210111703, 16.6325496286804],
  [54.5506777221534, 16.6327894765609],
  [54.5507107698657, 16.6330900890203],
  [54.5506867431767, 16.6333731344557],
  [54.5506819166975, 16.6335742347741],
  [54.5507513000269, 16.6341328451878],
  [54.5508039401111, 16.6344819575988],
  [54.5508296492458, 16.6347616414334],
  [54.5508312152148, 16.6352667204937],
  [54.5508156378258, 16.6353912048219],
  [54.5508087404415, 16.6354886588973],
  [54.5508109203283, 16.6356102318327],
  [54.5508229225458, 16.6357104555852],
  [54.5509088185844, 16.6359414519958],
  [54.5509984777656, 16.6361715509635],
  [54.5510165965046, 16.636280381741],
  [54.5510311625479, 16.6363928862316],
  [54.5510404994633, 16.6365357063212],
  [54.5510476824639, 16.6377156066503],
  [54.5510376159299, 16.6378190401148],
  [54.5510366792724, 16.6379193870489],
  [54.5510442858999, 16.6380682933457],
  [54.5510768992529, 16.6382596461555],
  [54.5511535757565, 16.6386299148792],
  [54.5511736950073, 16.6387969534578],
  [54.5511794236791, 16.6389307750501],
  [54.5511239289851, 16.6394209094365],
  [54.5509674198758, 16.6399970981304],
  [54.5509328731557, 16.640328871128],
  [54.5509202569075, 16.6405813931165],
  [54.5509161287413, 16.6409736723654],
  [54.5508809188092, 16.6413906336484],
  [54.5507659260409, 16.6421762634515],
  [54.55074903209, 16.6426164174225],
  [54.5507897534852, 16.6428663938146],
  [54.5508677349013, 16.6436106818379],
  [54.5508593472352, 16.6438162276391],
  [54.5509001495937, 16.6444504617754],
  [54.5509005857627, 16.6446176909944],
  [54.5508880680512, 16.6448878289087],
  [54.5508469590016, 16.6452606205674],
  [54.5508562612334, 16.6454012790543],
  [54.5508836773619, 16.6456671565109],
  [54.5508901782814, 16.6459749970535],
  [54.5508780234532, 16.6463741874482],
  [54.5509045103024, 16.646685694284],
  [54.5509004593429, 16.6468376151345],
  [54.5508987139572, 16.6469707567932],
  [54.550923739347, 16.6471758144329],
  [54.5509665256205, 16.6473622000081],
  [54.5509734053926, 16.6474230272012],
  [54.5509838088433, 16.647582043883],
  [54.5509730153224, 16.6476694234681],
  [54.5509733158375, 16.647768646973],
  [54.550973493674, 16.6478408249209],
  [54.5509850315637, 16.6479164913415],
  [54.5510073059631, 16.6479961306324],
  [54.5510232239273, 16.6481099855082],
  [54.5510234774639, 16.6482050373119],
  [54.5510171206929, 16.648311591269],
  [54.5509810236298, 16.6484905395417],
  [54.5509305911639, 16.6487535832585],
  [54.5508980661045, 16.6490271634362],
  [54.550894644372, 16.6491793723272],
  [54.5509046469905, 16.6495441336112],
  [54.5509227314398, 16.6496429240192],
  [54.5509406539636, 16.6497111151868],
  [54.5509630637065, 16.6497868866513],
  [54.5509899008726, 16.6498326800969],
  [54.5510168049821, 16.6499005748082],
  [54.5510436316093, 16.6499534789302],
  [54.5510440415389, 16.6500143657555],
  [54.5510262117056, 16.6500752366607],
  [54.5508177605687, 16.6502444176046],
  [54.5505607173398, 16.650527880885],
  [54.5502162133553, 16.6510981655321],
  [54.5499907722353, 16.6512425496461],
  [54.5497695840111, 16.6512526297603],
  [54.5496267764238, 16.6512091175459],
  [54.5494722493869, 16.6512265812045],
  [54.5481473811389, 16.6519090826373],
  [54.5480881386295, 16.6519949613331],
  [54.5480549923808, 16.652052158882],
  [54.5480145196205, 16.6520485475079],
  [54.5479668999571, 16.6520324980536],
  [54.5479075193894, 16.6520656766137],
  [54.5477561109893, 16.6522824118568],
  [54.5476266079691, 16.6527718338598],
  [54.5475534455028, 16.6529632670892],
  [54.5473639930414, 16.6532494093637],
  [54.5472502647865, 16.6533805091607],
  [54.5470744999523, 16.6534515205673],
  [54.5469839305061, 16.6534030371457],
  [54.546807237269, 16.6531243242932],
  [54.5467163912256, 16.6529622545413],
  [54.5466329653449, 16.6528775264531],
  [54.5465519266076, 16.65282965807],
  [54.5464615895383, 16.6528343348754],
  [54.5458369466173, 16.6531162607962],
  [54.5450883120991, 16.6532934607024],
  [54.544869965275, 16.6534377349729],
  [54.5446992343094, 16.6535977487341],
  [54.5446540004573, 16.6536103655579],
  [54.5446111881093, 16.6535902936073],
  [54.5445396236801, 16.6535056415423],
  [54.544446906588, 16.6535063767722],
  [54.5444137582472, 16.6535553771596],
  [54.5443615642906, 16.6535884684167],
  [54.5442639931055, 16.6535647908397],
  [54.5441471908334, 16.6534681840624],
  [54.5440815181355, 16.653380093709],
  [54.5439810335872, 16.6533449220319],
  [54.5436749711291, 16.6533580931622],
  [54.5432168557027, 16.6535060852183],
  [54.5431287934636, 16.6534729774844],
  [54.5430124327531, 16.6535290435974],
  [54.5429133416601, 16.6535383336696],
  [54.5428361479485, 16.653456497694],
  [54.5427135664999, 16.653389601596],
  [54.5426055258176, 16.6533778604893],
  [54.5425510249355, 16.6533974271639],
  [54.5425102916354, 16.653459192632],
  [54.5425082358768, 16.6536054524311],
  [54.5425370714103, 16.6537259691935],
  [54.5426409030019, 16.6540619151286],
  [54.542725879644, 16.6542941701485],
  [54.5427601393865, 16.6544823517227],
  [54.5427529704636, 16.6546456252248],
  [54.5426942416347, 16.6549152169796],
  [54.5426258654042, 16.6552950014151],
  [54.5425989747913, 16.6554139523302],
  [54.542516497723, 16.6555841826636],
  [54.5425071014605, 16.6557897168144],
  [54.5424448933357, 16.6559323903518],
  [54.5423485252271, 16.6560007723987],
  [54.5422901165037, 16.655975957451],
  [54.5422528239307, 16.6559189231254],
  [54.5422278608824, 16.6558556112385],
  [54.5422017754953, 16.6558368426623],
  [54.5421200194641, 16.6558375212269],
  [54.542054371737, 16.6558889760006],
  [54.5420168288098, 16.6559549603261],
  [54.5419611719074, 16.6559999049982],
  [54.5419227947739, 16.6560150745245],
  [54.5418336136687, 16.6560348499736],
  [54.5417607387194, 16.6561393922955],
  [54.5417054998385, 16.656302850279],
  [54.5416597964893, 16.6563541120127],
  [54.5415867784597, 16.6563568203954],
  [54.5415407199725, 16.6563275816911],
  [54.5414537260376, 16.6562207218129],
  [54.5413729122426, 16.6561363755912],
  [54.5412873220804, 16.6561073547604],
  [54.5410566661153, 16.6560902101364],
  [54.5410306511313, 16.6560777754124],
  [54.5410094519368, 16.6560378303749],
  [54.5409681918732, 16.65590675317],
  [54.5409375771422, 16.6558199857812],
  [54.5408916202904, 16.6557675651484],
  [54.5408332607509, 16.6557552667542],
  [54.5407752315052, 16.6558131143861],
  [54.540746609138, 16.6558894660781],
  [54.5407356383781, 16.6559533386576],
  [54.5407123196798, 16.6559894925262],
  [54.5406838047116, 16.6560108277093],
  [54.5404756476893, 16.6560212232346],
  [54.5404074048344, 16.6560089403628],
  [54.539966907854, 16.6558263951369],
  [54.5392402866689, 16.6561333679983],
  [54.539032075812, 16.6561227489253],
  [54.5386993087907, 16.6559239968772],
  [54.5385592921634, 16.6559293712842],
  [54.5384726339199, 16.6559578699976],
  [54.5384094557292, 16.65596473652],
  [54.5383597277666, 16.6559206324932],
  [54.538274915209, 16.6557352132785],
  [54.5382276236232, 16.6556758865386],
  [54.5381768269648, 16.6556488154607],
  [54.5376192806433, 16.6557192157422],
  [54.5374320617628, 16.6556975563564],
  [54.5372206128284, 16.6554198862242],
  [54.5370759593618, 16.6551455850721],
  [54.5369887542054, 16.654947118031],
  [54.5369043262242, 16.6548610480529],
  [54.5367615201331, 16.654809501338],
  [54.5365922949861, 16.6547980706933],
  [54.5361710691924, 16.6548377288221],
  [54.5360682295839, 16.6548493003507],
  [54.5359875056521, 16.6548054470548],
  [54.5359279707465, 16.6547763482162],
  [54.5357570530433, 16.6547904679611],
  [54.5356863255788, 16.6547890859364],
  [54.5356043107929, 16.6547261162512],
  [54.534848431414, 16.6539212691531],
  [54.5347999476887, 16.6538517911104],
  [54.5347289781155, 16.6536914302582],
  [54.5346777438263, 16.6536008756996],
  [54.5346225585079, 16.6535589667278],
  [54.5345257804828, 16.6535258434329],
  [54.5344338369989, 16.6534588786985],
  [54.5343168013512, 16.6532929293917],
  [54.5341834280417, 16.6530396052937],
  [54.5341150427135, 16.652925823751],
  [54.5340353592264, 16.6528141142647],
  [54.5339390656179, 16.6527196388454],
  [54.5338732653733, 16.6526927593773],
  [54.5338026211707, 16.6526827260095],
  [54.533697292327, 16.6527047359391],
  [54.5336109555044, 16.6527458966351],
  [54.533557370359, 16.6527589403465],
  [54.5334520209128, 16.6527387713247],
  [54.5333484244861, 16.6526823910745],
  [54.5332552055549, 16.6525816361534],
  [54.5331389623437, 16.6524788591597],
  [54.5329974670148, 16.6524079694392],
  [54.5329038405493, 16.6523835528303],
  [54.532758867908, 16.6524037790689],
  [54.5326950948617, 16.6523895030677],
  [54.5326428073724, 16.6523496652352],
  [54.5325384793301, 16.6522276488849],
  [54.5324686272308, 16.6521032611057],
  [54.532379066233, 16.6520002261013],
  [54.5322811026333, 16.6519736362224],
  [54.5322068882382, 16.6520060546052],
  [54.532177177346, 16.6520167670808],
  [54.5321461353029, 16.6520128460986],
  [54.5321052435442, 16.6519877745113],
  [54.5320145583781, 16.6519209301203],
  [54.5319673182358, 16.6519147620976],
  [54.5319042446373, 16.6519471221762],
  [54.5318484543357, 16.6519477247785],
  [54.5318183056016, 16.651935277116],
  [54.5315533239569, 16.6516600464396],
  [54.5311906460703, 16.651398391273],
  [54.5307995127738, 16.6511392238914],
  [54.5307436929697, 16.6510888459361],
  [54.5306975204993, 16.6510172934956],
  [54.530647790752, 16.6509732036717],
  [54.530594491218, 16.650971562526],
  [54.5305542973887, 16.6509929719728],
  [54.5305061295092, 16.6510486325282],
  [54.5304199436444, 16.6512482966793],
  [54.5303892407354, 16.6513311893869],
  [54.5303682330272, 16.6513569095639],
  [54.5303279282546, 16.6513361460894],
  [54.530084302825, 16.6510585255319],
  [54.5299123666798, 16.6507719007919],
  [54.5298534923817, 16.6508021141011],
  [54.5297853163674, 16.6507878322563],
  [54.5296651935765, 16.6508206833807],
  [54.5295903896558, 16.6508807745629],
  [54.5295409417375, 16.6509425011704],
  [54.5295091375902, 16.6510635871766],
  [54.5294180151526, 16.6512637181219],
  [54.529371424183, 16.6514205141202],
  [54.5293741920447, 16.6515478750807],
  [54.5293484928547, 16.6516282831944],
  [54.529317540892, 16.6516646809582],
  [54.5292940483567, 16.6516690084528],
  [54.5292679333319, 16.6516395896979],
  [54.529254113792, 16.6515847388144],
  [54.5292315397373, 16.6515022143918],
  [54.5292041686023, 16.6514326706048],
  [54.5291668501953, 16.6514138175095],
  [54.5291321465484, 16.6514038384747],
  [54.5290919606898, 16.6514420854663],
  [54.52907724505, 16.6514760941024],
  [54.5290711070922, 16.6515058033269],
  [54.5290692861389, 16.6516648298197],
  [54.5290518629899, 16.6517219460474],
  [54.5290161328713, 16.6517730226414],
  [54.5289710376284, 16.6518222449657],
  [54.5289080009761, 16.6518820999843],
  [54.5288361923777, 16.6519207703845],
  [54.5287224048195, 16.6519980547922],
  [54.5286906637123, 16.6521571387409],
  [54.5286536535874, 16.6522062483629],
  [54.5284987655592, 16.6522478093784],
  [54.5284381874429, 16.6522864177414],
  [54.5281990606423, 16.6522993930995],
  [54.5280741093172, 16.6523827588067],
  [54.5279913393943, 16.6524617994748],
  [54.5279392924738, 16.6524919384874],
  [54.5277460371771, 16.65248501831],
  [54.5275182448219, 16.652571769537],
  [54.5273052100228, 16.652620186255],
  [54.5272258789168, 16.6526207906379],
  [54.5271938344526, 16.6525914135432],
  [54.5271562581353, 16.6525493969152],
  [54.5271511402933, 16.6524690818577],
  [54.5271582953854, 16.6524096806862],
  [54.5271407919719, 16.6523547992306],
  [54.5270985385209, 16.6523042861201],
  [54.5268613006478, 16.6525351670649],
  [54.5268191673464, 16.652543815168],
  [54.5267844813316, 16.6525273470702],
  [54.5267544417389, 16.6524682446283],
  [54.5267790265668, 16.6524087333725],
  [54.5268481920438, 16.6523021825957],
  [54.5268430258543, 16.6522175443809],
  [54.5268279522629, 16.6521710796633],
  [54.5268055632189, 16.6521373686865],
  [54.5267237463723, 16.6521003633638],
  [54.5266070101279, 16.6520501422708],
  [54.5265373425404, 16.6519745812449],
  [54.526309830763, 16.6519171973515],
  [54.5262106930511, 16.6519223175466],
  [54.5261710829747, 16.6519396880944],
  [54.5261440570304, 16.6519736362711],
  [54.5261390965733, 16.6520122640531],
  [54.526154023925, 16.6520456023487],
  [54.5261665313619, 16.6520794838185],
  [54.5262012704704, 16.6521087710169],
  [54.5262137858468, 16.6521594901201],
  [54.5262015463539, 16.6522060815075],
  [54.5261769054921, 16.6522444307528],
  [54.5261373948458, 16.6522787899785],
  [54.5261026685497, 16.6522748361833],
  [54.526065412873, 16.6522454773364],
  [54.5260306256104, 16.6522118664075],
  [54.525995848011, 16.6521952474387],
  [54.5259191281549, 16.6522044171335],
  [54.5258917703225, 16.6522005296386],
  [54.5258717533307, 16.6521539199024],
  [54.5258443712963, 16.6521075528445],
  [54.525797202006, 16.6520996838678],
  [54.5257502362312, 16.6521423211425],
  [54.525720597568, 16.6521595172647],
  [54.5256908032661, 16.6521385635109],
  [54.525658428237, 16.6520795398573],
  [54.5256408397111, 16.6520331593834],
  [54.5256160671847, 16.6519952027227],
  [54.5255589132934, 16.6519702074119],
  [54.5253978325582, 16.6519801486691],
  [54.5248829324366, 16.6522007047081],
  [54.5246772981277, 16.6522278683562],
  [54.5244991631632, 16.6523441814033],
  [54.5242617626449, 16.6525362810297],
  [54.5242246208947, 16.6525493982004],
  [54.5241255264773, 16.6525503444633],
  [54.5240635690006, 16.6525296780643],
  [54.523939314057, 16.6524417076196],
  [54.5237781723237, 16.6524219909844],
  [54.5236888311768, 16.652435436998],
  [54.5234655763785, 16.6523569068055],
  [54.5227381845501, 16.6519652043913],
  [54.5226364642992, 16.6519321023612],
  [54.5224627667939, 16.6518741865639],
  [54.5223558866364, 16.6517651056922],
  [54.5223146367907, 16.6516595778781],
  [54.5223020503698, 16.6515622189142],
  [54.5222966429405, 16.6514479416578],
  [54.5222715633964, 16.6513421902878],
  [54.5222093389663, 16.6512412159596],
  [54.5221297826161, 16.6511571860255],
  [54.5220548894255, 16.6509756929655],
  [54.5220392965143, 16.6507216572093],
  [54.5220029129865, 16.6505611375795],
  [54.5219531740025, 16.6505323492947],
  [54.5219235966788, 16.6505872310158],
  [54.5219064692595, 16.6506466448212],
  [54.5218817390403, 16.6506849938903],
  [54.5218222644279, 16.6506855648606],
  [54.5217455527932, 16.6507115720502],
  [54.5217011752347, 16.6508009222298],
  [54.5216815940992, 16.6508900725455],
  [54.52163473647, 16.6509665296497],
  [54.521572790276, 16.6509630113128],
  [54.5214493548585, 16.651141926555],
  [54.5211970698482, 16.6508774718939],
  [54.5210297664878, 16.6513445021485],
  [54.5207353208798, 16.6516421099327],
  [54.51958984375, 16.6503477146702],
  [54.5191619504538, 16.6489212802969],
  [54.5187715136163, 16.6473507735464],
  [54.5187677827639, 16.6473385410522],
  [54.5185271496699, 16.6463898517532],
  [54.5183036632851, 16.6442859687307],
  [54.5185458708921, 16.6429215935663],
  [54.5185705449688, 16.6427823909581],
  [54.5189632329286, 16.640570331619],
  [54.5197597070498, 16.6389761917905],
  [54.5190337190642, 16.6381147266642],
  [54.5191619134547, 16.6363586971981],
  [54.5208243937355, 16.6368664442869],
  [54.5223803135438, 16.6389623992416],
  [54.5237975399265, 16.6393788134185],
  [54.5239142226665, 16.6392720582795],
  [54.5239616225035, 16.6392284668655],
  [54.525917171332, 16.6374367097271],
  [54.5279407459311, 16.63501901951],
  [54.5280449110594, 16.6327307425311],
  [54.5288046912377, 16.6292227765137],
  [54.5287600655398, 16.6256470008904],
  [54.5303104106006, 16.6214682891971],
  [54.5290179613053, 16.6209763899193],
  [54.5274062110401, 16.6215904013688],
  [54.5267600351249, 16.6211122801829],
  [54.5258281346104, 16.621863848303],
  [54.5251057861771, 16.621482071915],
  [54.5242022869748, 16.6201462365286],
  [54.5236542645494, 16.6192232435129],
  [54.5232849618982, 16.619812169652],
  [54.5230521877923, 16.6205234515611],
  [54.5226372992268, 16.6211968397152],
  [54.5228821070357, 16.6218952617956],
  [54.5227874903302, 16.6223207509227],
  [54.522888866445, 16.6228829835643],
  [54.522902587694, 16.623220024907],
  [54.5225771794502, 16.6236253162561],
  [54.5226742003519, 16.6241606645944],
  [54.5226472500016, 16.6244612283578],
  [54.5224377264669, 16.6247779677071],
  [54.5219609171939, 16.6251518760101],
  [54.5216869886464, 16.6255889309456],
  [54.52113492598091, 16.625799248009862],
  [54.520947557213354, 16.626470501428081],
  [54.5210131216567, 16.6264204522868],
  [54.5219531332962, 16.626135121196],
  [54.5226245864488, 16.6258028798747],
  [54.523265998339, 16.6252229479399],
  [54.52360596249, 16.6254810693641],
  [54.5238383967731, 16.626373804815],
  [54.5237105649957, 16.6273493824457],
  [54.5232069826957, 16.6280171899973],
  [54.5226587905237, 16.6285625969001],
  [54.5221906521852, 16.6291317198889],
  [54.5209873009442, 16.6302672816418],
  [54.5205529714458, 16.6304029117078],
  [54.5198918692134, 16.6307537112024],
  [54.519705063288484, 16.630921767800192],
  [54.519199985263825, 16.632731222785409],
  [54.5193099460571, 16.6326312138411],
  [54.5193478152149, 16.632754126397],
  [54.519073425878709, 16.633184625030541],
  [54.5183204130502, 16.63588231281333],
  [54.5182952870202, 16.6361898821371],
  [54.51805106318502, 16.636847265617671],
  [54.516376714831686, 16.642845661562482],
  [54.5166326633631, 16.6431360727758],
  [54.5167253979234, 16.6432409519524],
  [54.5169411777022, 16.6434855373343],
  [54.5176192050012, 16.6452260345772],
  [54.5183352189751, 16.6478506170761],
  [54.515811753454109, 16.649977567000789],
  [54.515814350853283, 16.64998460575212],
  [54.5183367544057, 16.6478674009526],
  [54.5185747543701, 16.6475849313201],
  [54.519015702228, 16.648779073522],
  [54.5194843819701, 16.6503738968901],
  [54.5197333344507, 16.6508146761957],
  [54.5202784839631, 16.6515017821602],
  [54.5203042768923, 16.6516956978052],
  [54.5202696197038, 16.6519155452976],
  [54.5201446870249, 16.6521779056272],
  [54.5198725080652, 16.6525306791341],
  [54.5196269365483, 16.6529894519278],
  [54.5195918233889, 16.6530556313483],
  [54.5195658142947, 16.6530921654408],
  [54.5192306852375, 16.6536258511676],
  [54.5191942889257, 16.6536817235161],
  [54.5191523466491, 16.6537640345125],
  [54.5181746723282, 16.65544273429],
  [54.5181408523989, 16.6554960477925],
  [54.517956509787588, 16.655789691167961],
  [54.521992981539583, 16.666728218148261],
  [54.523008741349, 16.6680138330927],
  [54.5231595362786, 16.6681141142473],
  [54.5242655976514, 16.668849060697],
  [54.5254909503372, 16.6696634280914],
  [54.5272213293376, 16.6707543242697],
  [54.5283086934531, 16.6714164861999],
  [54.52940953349, 16.6720870511402],
  [54.5307250350179, 16.6729062605996],
  [54.5316831429943, 16.6734911522301],
  [54.5323185123948, 16.6737815528764],
  [54.5334887683805, 16.673548473001],
  [54.5338009878413, 16.6735230521165],
  [54.5354232186743, 16.6733910227267],
  [54.5354854286739, 16.6733859147381],
  [54.5355137061001, 16.6733836069608],
  [54.5359827267182, 16.6737936110271],
  [54.5360308078549, 16.6738356243965],
  [54.5364996473232, 16.6742456445808],
  [54.5371459313054, 16.6748107753447],
  [54.5371783372496, 16.6747916468817],
  [54.5375247085065, 16.6758745640403],
  [54.5375938948292, 16.6761045646639],
  [54.5369792069596, 16.6767181119626],
  [54.5382300739923, 16.6784829003008],
  [54.5395226181551, 16.680306560891],
  [54.5397054498763, 16.6822915729736],
  [54.5398871166065, 16.6842633504768],
  [54.5400130572281, 16.6856491145079],
  [54.540084499866, 16.6864359891006],
  [54.5403128514676, 16.6889493165566],
  [54.5402844007969, 16.6893584915924],
  [54.5402657426005, 16.6894442344623],
  [54.5399564930806, 16.6906982398039],
  [54.5399023386874, 16.6908997764234],
  [54.5402133534371, 16.6911281017574],
  [54.5402429736153, 16.6911585228457],
  [54.5402789563029, 16.6911956940984],
  [54.5402912991004, 16.6912153876977],
  [54.5410458125064, 16.6924242402853],
  [54.5410839782345, 16.6924888500657],
  [54.540820357263, 16.6931288429725],
  [54.5412312944728, 16.6945068019812],
  [54.5412474583136, 16.6945642352571],
  [54.5415651619582, 16.6956882082027],
  [54.5409333998853, 16.6966774184761],
  [54.5417599798884, 16.6980673715339],
  [54.5417859672853, 16.6981110497606],
  [54.5424819593176, 16.6992819089425],
  [54.542498939244, 16.6993402470778],
  [54.5429000823461, 16.700724816429],
  [54.5430521792669, 16.7007732991641],
  [54.5436891940743, 16.6996929094432],
  [54.5442296375065, 16.6989323719808],
  [54.5447885411928, 16.6994707936907],
  [54.5448668091558, 16.6995217767228],
  [54.5464224357713, 16.7009156458483],
  [54.547076745581, 16.7015373334067],
  [54.548344705215, 16.7020316778211],
  [54.5484002675696, 16.7026129079711],
  [54.5484020525969, 16.7026871939072],
  [54.5515351972317, 16.7048427828272],
  [54.5521903925404, 16.7051882054157],
  [54.5527693381044, 16.7054443907783],
  [54.5535956237147, 16.7060519901707],
  [54.5540311208594, 16.7055310275215],
  [54.554277366898, 16.7055869158524],
  [54.5543231188943, 16.7055970604539],
  [54.5561991729143, 16.7044890741071],
  [54.5562434286929, 16.7047538717989],
  [54.5564520449581, 16.7060708493547],
  [54.5562114994189, 16.7106388055206],
  [54.5562889403534, 16.7105705078719],
  [54.5563180573379, 16.7123932656727],
  [54.5562551567527, 16.713220282945],
  [54.5562445091374, 16.7135370594899],
  [54.5562383756878, 16.7138982150854],
  [54.5565436934807, 16.7164711698141],
  [54.5567713949702, 16.7176087557495],
  [54.5570550515627, 16.7203583731116],
  [54.557390206045, 16.7236091517335],
  [54.5575184524742, 16.7245152320328],
  [54.5576233211376, 16.7257615328347],
  [54.5576631645684, 16.7262175764879],
  [54.5577021658325, 16.7274135297379],
  [54.5576433795277, 16.7280861386678],
  [54.5576073706829, 16.7281650194957],
  [54.5571903619598, 16.7290267022526],
  [54.5571025653466, 16.7294445088841],
  [54.5566199096082, 16.7315950053002],
  [54.5565995715226, 16.7319947848385],
  [54.5565901885726, 16.7325913248524],
  [54.5566137821738, 16.7336260292755],
  [54.5567237455199, 16.7351193549297],
  [54.5567575241694, 16.7355486862322],
  [54.5567998117846, 16.7369649634994],
  [54.5568402805431, 16.7375969119198],
  [54.5570841642926, 16.738651106245],
  [54.5572039366594, 16.7391600332633],
  [54.557264290468, 16.7394163385473],
  [54.5575222676234, 16.7404017903103],
  [54.5578082353967, 16.7412112382251],
  [54.5580941836005, 16.7416478165606],
  [54.5584810970404, 16.7431455301027],
  [54.5586205083575, 16.7436439894254],
  [54.5586735080536, 16.7438332866374],
  [54.55876322028, 16.7442442299467],
  [54.5589139483577, 16.7449679062547],
  [54.5589891213142, 16.7452508301765],
  [54.5597948571636, 16.747823844272],
  [54.5599343280505, 16.7482691506148],
  [54.5584384902721, 16.7489345867802],
  [54.5562918499773, 16.7499367885169],
  [54.5547266143255, 16.7506519891178],
  [54.553569186099665, 16.7522972959808],
  [54.557825652599256, 16.763831991751541],
  [54.5579365152988, 16.7639005269046],
  [54.5587812844487, 16.7644383243112],
  [54.5595218467815, 16.764881277078],
  [54.5601432543258, 16.7649971530545],
  [54.5602404352178, 16.764052226263],
  [54.5602851734518, 16.7635239890181],
  [54.5603925711271, 16.7631048584301],
  [54.5606173945466, 16.7625798225739],
  [54.5607836845927, 16.762296808868],
  [54.5613675351636, 16.7614816650917],
  [54.561939062561, 16.7607446396276],
  [54.5622469291562, 16.7604245370986],
  [54.5623546594979, 16.7603721029306],
  [54.5623443908303, 16.7602029618946],
  [54.563026756007, 16.7598138152886],
  [54.5631029604338, 16.7602621988482],
  [54.5631136712388, 16.7603254197755],
  [54.563115490269, 16.7603363421038],
  [54.5631223046908, 16.760475287009],
  [54.5631846068849, 16.761751274836],
  [54.5633270410317, 16.7643286974301],
  [54.5634553334738, 16.7664320533192],
  [54.5634818692652, 16.7668933939923],
  [54.5635760697802, 16.7685293104117],
  [54.5636952490583, 16.7704415521411],
  [54.5638654158396, 16.7734064412232],
  [54.5638669553817, 16.7734342257987],
  [54.5639735855288, 16.7752061699723],
  [54.5640738491322, 16.7769552757612],
  [54.5642147443296, 16.7794657449339],
  [54.5642198983036, 16.7795580517815],
  [54.564336178060678, 16.781475013378131],
  [54.564501516937405, 16.781923068975992],
  [54.5643576610235, 16.7795783662773],
  [54.5643499319239, 16.7794445440055],
  [54.5642041686755, 16.7769147306139],
  [54.5641101102392, 16.775183987293],
  [54.5640663779649, 16.7738911602369],
  [54.5641562586333, 16.7738677443872],
  [54.5641326442391, 16.7735944725741],
  [54.5640517175348, 16.7736148371615],
  [54.5640339639481, 16.7733525225926],
  [54.5638363279816, 16.7704343689537],
  [54.5637332688292, 16.7685346224553],
  [54.5639100294151, 16.7683785445453],
  [54.5638091659676, 16.7666973592577],
  [54.5636579224213, 16.7641761358237],
  [54.5635490943247, 16.7627761462181],
  [54.5634156345178, 16.7607095963051],
  [54.5634627828489, 16.760584629483],
  [54.5642102883122, 16.7602304551672],
  [54.5658930783939, 16.7594518875051],
  [54.5659664737595, 16.7595472264648],
  [54.5664812262414, 16.7632082857331],
  [54.5668134629574, 16.7654055259878],
  [54.5673215989483, 16.7688929742839],
  [54.5677494690676, 16.7717940877931],
  [54.5681450327787, 16.7745196405823],
  [54.5686008540862, 16.7775950778444],
  [54.5686186874934, 16.7777150036493],
  [54.5685857207531, 16.7777246494878],
  [54.5686251334344, 16.7780418605216],
  [54.5682562176948, 16.7781487673833],
  [54.5684420600104, 16.7794432063452],
  [54.5688489494486, 16.7792884764451],
  [54.5689777858091, 16.7802679488796],
  [54.5693806273663, 16.7830036518719],
  [54.5694869613413, 16.7833921785263],
  [54.5696801045607, 16.7838628638714],
  [54.5698539858013, 16.7841872207773],
  [54.5700695630485, 16.7844407522811],
  [54.5704261626492, 16.7846993692363],
  [54.5707402879983, 16.7848083241308],
  [54.5713607362153, 16.7847682159818],
  [54.5717020607039, 16.7848299711704],
  [54.5720276478991, 16.7850245726483],
  [54.5722439776753, 16.7852100548015],
  [54.5724301399722, 16.7854156122876],
  [54.5726948795515, 16.7858500352511],
  [54.572883758204, 16.7863623415808],
  [54.5730228626586, 16.7866868394275],
  [54.5739109406182, 16.7889400471938],
  [54.5740708235853, 16.7894382407702],
  [54.5742167482649, 16.7901041878031],
  [54.5742521228738, 16.790937655659],
  [54.574361896769, 16.7925913787213],
  [54.5744069095895, 16.7930866454264],
  [54.5745562071476, 16.7936603363094],
  [54.5747294229405, 16.7941640392118],
  [54.5748454716972, 16.7948008916407],
  [54.5748990987668, 16.7951876526009],
  [54.5749100290289, 16.7952657412233],
  [54.5750676593714, 16.7963800385584],
  [54.5750839971527, 16.7964960142177],
  [54.5753100901589, 16.797964019593],
  [54.5754779064735, 16.799156605132],
  [54.5754962707487, 16.7993503169563],
  [54.5755469342326, 16.7998836392325],
  [54.5755414548875, 16.8004365522907],
  [54.5754668331886, 16.8009938149191],
  [54.5751897314306, 16.8022175607087],
  [54.5748137474955, 16.8038646973905],
  [54.5747927977641, 16.8039904278967],
  [54.5745001539865, 16.8052264957514],
  [54.5744102879813, 16.8057343819468],
  [54.5743533983265, 16.8063337854955],
  [54.5743355316927, 16.806982000839],
  [54.5743930538254, 16.8078136003396],
  [54.5745073544703, 16.8077694349812],
  [54.5744486891699, 16.806976839655],
  [54.5744528016353, 16.8065647186798],
  [54.5744719477128, 16.806219433114],
  [54.5744988767522, 16.8060165117189],
  [54.5745509026923, 16.8056254139487],
  [54.5747155616034, 16.8047667429892],
  [54.5748894911482, 16.8040103308882],
  [54.5749052855686, 16.8039538826369],
  [54.57494401472, 16.8038089175616],
  [54.5749847989008, 16.8036628094133],
  [54.5750841903903, 16.8032468080594],
  [54.5752415208497, 16.8024936530394],
  [54.5753336710696, 16.8020545051332],
  [54.5754284927375, 16.8020849754848],
  [54.5758489136579, 16.8020690867826],
  [54.5758990411483, 16.8022589315328],
  [54.5764376754993, 16.8023947039425],
  [54.5764299805501, 16.8025341258801],
  [54.5767050094658, 16.8025981349012],
  [54.5767213081351, 16.8031194921404],
  [54.576393645748, 16.8032389051553],
  [54.5755595840784, 16.8032294752986],
  [54.5756005313315, 16.8035723925423],
  [54.5778094235655, 16.8027801221281],
  [54.5778310592066, 16.8029599852159],
  [54.5778401616394, 16.8030263802572],
  [54.5786920907671, 16.8024442837825],
  [54.579769819755462, 16.801708194016278],
  [54.58385, 16.8237833333333],
  [54.5871166666667, 16.8334333333333],
  [54.590128745283565, 16.844133701016652],
  [54.783939404178128, 16.772716480916092],
  [54.6791666666667, 16.2825],
  [54.5443833333333, 16.54395],
  [54.545456307935112, 16.549117796041305],
  [54.5432822432515, 16.5506388881921],
  [54.5434105439268, 16.5509007718542],
  [54.5437479184238, 16.5516194986309],
  [54.5437950338009, 16.5517198287378],
  [54.5438505080778, 16.5519479802806],
  [54.5441355212054, 16.5531196948899],
  [54.5441341555663, 16.5534262067525],
  [54.5435589929462, 16.5537247338522],
  [54.5434128246964, 16.5539142735854],
  [54.5433694321728, 16.5541026501599],
  [54.5433414029719, 16.5550579405398],
  [54.5432069134765, 16.5553829040669],
  [54.5426171416408, 16.5559633292255],
  [54.5423067360381, 16.5565304754091],
  [54.5404047165896, 16.5611643227052],
  [54.5403971563716, 16.5611859140148],
  [54.5404199274523, 16.5612042746589],
  [54.5401175504333, 16.5619952905368],
  [54.5399988009142, 16.562580188571],
  [54.5399412823278, 16.5627302495355],
  [54.5396788618211, 16.5631566994465],
  [54.5394733459544, 16.5629049323692],
  [54.5393803059443, 16.5631508097681],
  [54.5390959590957, 16.5639025260831],
  [54.5387475720145, 16.5648232118185],
  [54.5382920215863, 16.5660273267981],
  [54.5382695969002, 16.5660760152295],
  [54.5375363767917, 16.5678249327988],
  [54.5373374951386, 16.5683679253031],
  [54.5373830526891, 16.5684896371006],
  [54.5372896221034, 16.5684984701677],
  [54.5369047717398, 16.5702745245806],
  [54.5368335439945, 16.5707631264574],
  [54.5367807369287, 16.5712215702816],
  [54.5368009293019, 16.5715390159347],
  [54.5368022588055, 16.5715602928832],
  [54.5368036945364, 16.5715829567785],
  [54.5368335767514, 16.5720514914573],
  [54.5368471547475, 16.5722654875843],
  [54.5368501212253, 16.5723112757065],
  [54.5368710743293, 16.5726401301327],
  [54.5369008061563, 16.5731038814856],
  [54.5369021608952, 16.5731273208986],
  [54.5369224508438, 16.5734458465689],
  [54.5369479173971, 16.5738453138512],
  [54.5370187098624, 16.5750184184409],
  [54.5370591916225, 16.5757090948246],
  [54.5370844051668, 16.576049547559],
  [54.5371161399203, 16.5764784672366],
  [54.5371424340644, 16.5768422155647],
  [54.5371473541264, 16.5770007348241],
  [54.5371591678203, 16.5780663469262],
  [54.5373853543462, 16.5781989407191],
  [54.5374145564846, 16.5781684122647],
  [54.5374896376895, 16.5781654928974],
  [54.5376551779245, 16.5783442348743],
  [54.5378769566569, 16.5784382001519],
  [54.5381566797885, 16.5786460440426],
  [54.5382894938958, 16.5787313601881],
  [54.5383802163991, 16.578721408193],
  [54.5383991735611, 16.578713641283],
  [54.5384508393067, 16.5786602348567],
  [54.5385495536301, 16.5785045980565],
  [54.5386417899992, 16.5783176627813],
  [54.5388208552982, 16.5779883263229],
  [54.5388574112514, 16.5779566137585],
  [54.5389775538184, 16.5779499635372],
  [54.5390468698612, 16.5779687231467],
  [54.5391703289078, 16.5780225318221],
  [54.5392428401211, 16.5780379354806],
  [54.5393341804964, 16.5780423311754],
  [54.5394655959367, 16.5780162822701],
  [54.5395306438487, 16.5779777064016],
  [54.5396189880083, 16.5779259580558],
  [54.5396770506779, 16.5779199211702],
  [54.5397164240338, 16.5779367862578],
  [54.5399187349895, 16.5781173489061],
  [54.5400454375923, 16.5782101422888],
  [54.5401151526647, 16.5782169901389],
  [54.5402354662742, 16.5782707557401],
  [54.540338463215, 16.5783648380317],
  [54.5404127765252, 16.5784418378309],
  [54.5404585876811, 16.5785019031083],
  [54.5405057044379, 16.5785889660824],
  [54.5405483404326, 16.5786846842195],
  [54.5406194805313, 16.5788892838059],
  [54.5407127173868, 16.5791315947156],
  [54.5407821793146, 16.5793081293352],
  [54.5408449494528, 16.5794351375831]
]