[
  [50.409761986008, 21.7623417453145],
  [50.4081452987571, 21.7629020433763],
  [50.4084946689523, 21.7650389203376],
  [50.4090394385525, 21.7684591098895],
  [50.4096326818343, 21.7721194803768],
  [50.4096089241025, 21.7721363991821],
  [50.4095597475368, 21.7721766814932],
  [50.4095646587752, 21.7722088386814],
  [50.4095812870556, 21.772317862516],
  [50.4090460915653, 21.7727889108969],
  [50.4078494567591, 21.7740432107962],
  [50.4080841094279, 21.7740978211938],
  [50.4083055436932, 21.7742608267325],
  [50.4084553148759, 21.7743708929313],
  [50.4084648137327, 21.774699692485],
  [50.4075996538602, 21.7755749928025],
  [50.4077654689366, 21.7758945218592],
  [50.4078816623748, 21.7761185613215],
  [50.4078993275617, 21.7761524736672],
  [50.407867429399, 21.7764326195651],
  [50.4075277083936, 21.7767234896472],
  [50.4075130380344, 21.7767392878173],
  [50.4073981577829, 21.7766150148642],
  [50.4073528319156, 21.7766169469977],
  [50.407278457149, 21.7766202332044],
  [50.4072247147049, 21.7766708448639],
  [50.4074383065138, 21.7779800239173],
  [50.4074856327529, 21.7782704673574],
  [50.4075749354561, 21.7788175040468],
  [50.4076091322198, 21.7790275437367],
  [50.4076763216544, 21.7794393038825],
  [50.4077708091638, 21.7800704190206],
  [50.4078690432473, 21.7806384305808],
  [50.4078878077296, 21.780736093103],
  [50.4079203855144, 21.7809323217991],
  [50.4079706682692, 21.7812366069658],
  [50.408099956791, 21.7820257298848],
  [50.4081702583204, 21.7824544321743],
  [50.4082138743557, 21.7827200627052],
  [50.408394796024, 21.783824058191],
  [50.4084457467423, 21.7841348321261],
  [50.408460002249, 21.7842207457857],
  [50.408515975235, 21.7845598816307],
  [50.4086942673688, 21.785637961226],
  [50.4087597389731, 21.7860343768625],
  [50.4088202876542, 21.7864007455503],
  [50.4091274220787, 21.7882587034172],
  [50.4091401355063, 21.7883329167866],
  [50.4097493485337, 21.7919064436445],
  [50.4098399095923, 21.7924441270989],
  [50.4098491586377, 21.7924985881631],
  [50.4100712377666, 21.7938159323206],
  [50.4101026900254, 21.7940025932754],
  [50.4104158164299, 21.7958606108638],
  [50.4104668335364, 21.7962095400454],
  [50.4103229375616, 21.7984200824301],
  [50.4103166997265, 21.7985167741026],
  [50.4103104811246, 21.798610652222],
  [50.4102718929959, 21.799202459528],
  [50.4102396267848, 21.799698138733],
  [50.4102362105807, 21.7997504187883],
  [50.4101826270131, 21.8005738324194],
  [50.4101738311322, 21.8007153612292],
  [50.4101308760271, 21.8014044504325],
  [50.4100859808911, 21.8021265682626],
  [50.4100605067678, 21.8025351294014],
  [50.4100546406309, 21.802629575228],
  [50.4100327961987, 21.8029809356341],
  [50.4099872945756, 21.803711341084],
  [50.4099664644571, 21.8040455533046],
  [50.4099598900335, 21.8041512421018],
  [50.4099447163498, 21.8043953664546],
  [50.4099227786419, 21.8047464423017],
  [50.4099116424281, 21.8049266200877],
  [50.4098980336434, 21.8051392556023],
  [50.4098833002508, 21.8053714280317],
  [50.4098691700639, 21.8055943249212],
  [50.409851413424, 21.8058734366765],
  [50.4097780510469, 21.807027547174],
  [50.4097079096184, 21.8080916668148],
  [50.4096782929002, 21.8085370121011],
  [50.4096549707953, 21.8088914371411],
  [50.4096306566695, 21.8092590698609],
  [50.4095995952618, 21.8097692474382],
  [50.4095652904598, 21.8103317058898],
  [50.4095285401007, 21.810935062692],
  [50.4095228322361, 21.8110316195177],
  [50.40948962992, 21.8115769308076],
  [50.4094640352715, 21.811998001295],
  [50.4094349778918, 21.8124769764341],
  [50.4094306004968, 21.8125502010967],
  [50.4094270395006, 21.8126095113949],
  [50.4094241824278, 21.812658141282],
  [50.40946413111, 21.8126924495557],
  [50.4100425263831, 21.8131906851328],
  [50.4100637967604, 21.8132089170869],
  [50.4102581759301, 21.8134403068708],
  [50.4111384929721, 21.8144883636928],
  [50.4110374354072, 21.8155795485871],
  [50.4109266442651, 21.8167750975992],
  [50.4109117592285, 21.8169359368605],
  [50.4108190613337, 21.8184331582093],
  [50.4108087131673, 21.8186005467062],
  [50.4107513152401, 21.8195253243005],
  [50.4107383268899, 21.8197354377459],
  [50.4095106557789, 21.8197345146129],
  [50.4094105803823, 21.819876151069],
  [50.4093811821241, 21.8200800662597],
  [50.4091261785463, 21.8200585005228],
  [50.4090281752367, 21.8218047281122],
  [50.4105834667968, 21.822072921148],
  [50.4105799868624, 21.822132796374],
  [50.4104892626799, 21.8236719583072],
  [50.4104390032234, 21.8245225617107],
  [50.4104169281303, 21.8248971255966],
  [50.4099299100631, 21.8246424591312],
  [50.4099256718734, 21.8250119824184],
  [50.4099248813183, 21.825072747464],
  [50.4098044908652, 21.8253396583569],
  [50.4097934388285, 21.8253640873216],
  [50.4095528337804, 21.8258981892613],
  [50.4095344741185, 21.8259388110224],
  [50.4098022866216, 21.8270173632294],
  [50.4100505051159, 21.8280179241552],
  [50.4102803661117, 21.8289438895242],
  [50.4103970410924, 21.8294140110432],
  [50.4105417607978, 21.8299981644081],
  [50.4107954601397, 21.8310208008427],
  [50.41088424722, 21.8313788737856],
  [50.4111946427389, 21.8326308671354],
  [50.4114953205415, 21.8338444369715],
  [50.4117503787297, 21.8348734699746],
  [50.4120034157466, 21.8358947401501],
  [50.4120890070961, 21.8362450367687],
  [50.4121322402187, 21.8364218112859],
  [50.4126008856973, 21.8383383717129],
  [50.4127844574735, 21.8390891513295],
  [50.4130115353898, 21.8400272752772],
  [50.4134062106288, 21.841659081549],
  [50.413417572348, 21.8417041668149],
  [50.4136523037558, 21.8426378084972],
  [50.4139220728027, 21.8437103932949],
  [50.4142017009459, 21.8448229850355],
  [50.414459650016, 21.8458862384764],
  [50.4147212563343, 21.8469644835796],
  [50.4148395287947, 21.8474521699416],
  [50.415026058424, 21.8482208024886],
  [50.4153540609011, 21.8495608515857],
  [50.4156492257507, 21.8507665170428],
  [50.4159533672702, 21.8520092245191],
  [50.4159835580346, 21.8521344348952],
  [50.416242000974, 21.8532070641977],
  [50.4165240774746, 21.8543779247055],
  [50.4166240619238, 21.8547929933325],
  [50.4167965464487, 21.8555088046085],
  [50.4167973748202, 21.8555428718741],
  [50.4168026708866, 21.8557885100349],
  [50.4168379510853, 21.8574076185478],
  [50.4168398674547, 21.8575013675395],
  [50.4169157712625, 21.8614051189752],
  [50.4169614580675, 21.8644215615728],
  [50.417033502391, 21.8681367094726],
  [50.4170912774344, 21.8712324695328],
  [50.4171003697304, 21.8712789309491],
  [50.4171411947965, 21.8717340430925],
  [50.4172858806469, 21.8724382972956],
  [50.4175277335448, 21.8736359984181],
  [50.4177847387896, 21.874801767137],
  [50.4180503611842, 21.8761230579807],
  [50.4183161429678, 21.8774450702401],
  [50.418533265882, 21.8785057290365],
  [50.4187502003431, 21.8795662533927],
  [50.4189672149731, 21.8806267889939],
  [50.4189768396666, 21.8806736860994],
  [50.4191802148204, 21.881670092056],
  [50.4193931132263, 21.882713684099],
  [50.4196158406981, 21.8837995439661],
  [50.4198384691496, 21.8848852715258],
  [50.4200610863359, 21.8859711498508],
  [50.4203131340652, 21.8872049249292],
  [50.4205650808862, 21.8884384298647],
  [50.4207823511347, 21.8895020071243],
  [50.4208170134739, 21.8896720884418],
  [50.4208257667617, 21.889714891902],
  [50.4211143391463, 21.8911283947144],
  [50.4214116464788, 21.8925847190121],
  [50.4216371440036, 21.893684233905],
  [50.421862543344, 21.8947834760119],
  [50.4220880210453, 21.895882870837],
  [50.4223979706532, 21.8974059182119],
  [50.4227075493234, 21.8989278527546],
  [50.4227169088722, 21.8989732042676],
  [50.4230067502473, 21.9003824818689],
  [50.4233055820223, 21.9018359965845],
  [50.423535438909, 21.9029649551592],
  [50.4237651126401, 21.9040929361259],
  [50.4239946843799, 21.9052210668753],
  [50.4242231258232, 21.9063428539862],
  [50.4244512099796, 21.9074629563209],
  [50.4246792810882, 21.9085833507192],
  [50.4246856015648, 21.9086144335635],
  [50.4249637485864, 21.9099981318386],
  [50.4252498417166, 21.9114212647616],
  [50.4255190766783, 21.9128021508129],
  [50.4257893307544, 21.9141885610977],
  [50.4257909331497, 21.9144994849332],
  [50.4256555820202, 21.9168808534257],
  [50.4255879259332, 21.9180724478712],
  [50.4255835452489, 21.9181490657356],
  [50.4255121479746, 21.9193687318996],
  [50.4254300380616, 21.9207703020295],
  [50.4253478213967, 21.9221718653432],
  [50.4252656777663, 21.9235734253284],
  [50.4251835172776, 21.9249749802406],
  [50.4250909520034, 21.9265407085255],
  [50.4249980679492, 21.9281099430307],
  [50.4249072473325, 21.9296433240621],
  [50.4248092744551, 21.9311242051306],
  [50.424712421931, 21.932575125405],
  [50.4256943063477, 21.9322598735575],
  [50.4257376348139, 21.9327542967181],
  [50.4257776543998, 21.9332126264865],
  [50.425854238007, 21.9340886873949],
  [50.4258849372176, 21.9344978585938],
  [50.4259249509864, 21.9350455609516],
  [50.4259917967608, 21.9357445255001],
  [50.426000934602, 21.9358380162228],
  [50.4260118983272, 21.9359504021412],
  [50.4260273323612, 21.9361105871376],
  [50.4260851094325, 21.9367067761419],
  [50.4261452885458, 21.9373280658378],
  [50.4263709401383, 21.9372629944141],
  [50.4265082220855, 21.9372191189399],
  [50.4267065718322, 21.9371726485679],
  [50.4268191619079, 21.9371358852696],
  [50.4269318418636, 21.9370991235746],
  [50.4270204804514, 21.937022197678],
  [50.4271036403998, 21.9369892160346],
  [50.4271527290684, 21.9369669621265],
  [50.4271969306585, 21.9369486932952],
  [50.4272478957362, 21.9369278837684],
  [50.4273146434156, 21.9369121709341],
  [50.4273728531675, 21.936884889305],
  [50.4275734149482, 21.9368093262369],
  [50.4276484384121, 21.9367930727006],
  [50.4277449828669, 21.9367503614089],
  [50.4278081563332, 21.9367319034885],
  [50.4278950826282, 21.9367001210814],
  [50.4279831125506, 21.9366652639234],
  [50.4281680744165, 21.9366065623165],
  [50.4283647672145, 21.9365313427748],
  [50.4284142758048, 21.9365127555303],
  [50.4285632525679, 21.9364679807792],
  [50.4286987680444, 21.9364201252814],
  [50.4287393651903, 21.936414029362],
  [50.4292156850027, 21.9362921050439],
  [50.4295508220369, 21.9361737280842],
  [50.4296899444135, 21.9361245344031],
  [50.4297540544281, 21.9364030783311],
  [50.429870978481, 21.9369112454996],
  [50.429933780148, 21.9371845579267],
  [50.4299717380643, 21.9373498461167],
  [50.4299956274978, 21.9374534889291],
  [50.4300289828826, 21.9375985591187],
  [50.4300573877313, 21.9377219966604],
  [50.4300851824826, 21.9378430295119],
  [50.4301795191097, 21.9382526529209],
  [50.4302159995325, 21.9384114390102],
  [50.4302436217222, 21.9385314839958],
  [50.4302855765305, 21.9387137437179],
  [50.4303480268546, 21.9389855057193],
  [50.430401879345, 21.9392196580089],
  [50.4305045430193, 21.9396663291341],
  [50.430529298611, 21.9397737917825],
  [50.4305769865533, 21.9399806583605],
  [50.4308088119463, 21.9409872785725],
  [50.4308798614213, 21.9412956725264],
  [50.4309302399297, 21.9415141374279],
  [50.4309754886327, 21.9417109655467],
  [50.4311106331145, 21.9422977805929],
  [50.4311742162483, 21.942572952723],
  [50.4312538666157, 21.9429178372468],
  [50.4313124977983, 21.9431715177757],
  [50.4313497622364, 21.9433325791641],
  [50.4316724305689, 21.9447298100747],
  [50.4317577483286, 21.945095646779],
  [50.4321645091496, 21.9468402811318],
  [50.4327583917569, 21.9494053753306],
  [50.4327839601643, 21.949478237474],
  [50.4328246854877, 21.9495005883991],
  [50.433189153673, 21.9489293492459],
  [50.4333508197597, 21.948707221261],
  [50.433429522942, 21.948581686022],
  [50.4335532730606, 21.948411584162],
  [50.4336496981968, 21.9483068125502],
  [50.4338145180704, 21.9480726376679],
  [50.4339645676054, 21.9478415445606],
  [50.4342519822713, 21.9475015660069],
  [50.4345578167286, 21.9470855152663],
  [50.4345873868895, 21.94704246795],
  [50.4346580374267, 21.9469450599951],
  [50.4348834758417, 21.9466305807517],
  [50.4352820984713, 21.9460809502192],
  [50.4355248450382, 21.9457162718356],
  [50.4357545106177, 21.94543438293],
  [50.4358698353076, 21.9452494568333],
  [50.4363674694628, 21.9445410138559],
  [50.4367629410676, 21.9439352588915],
  [50.4371534433947, 21.9432988473548],
  [50.4375103152569, 21.9426848444196],
  [50.4375193569602, 21.9426785483934],
  [50.437706425252, 21.9423379288563],
  [50.43786429052, 21.9420506439495],
  [50.4379443990163, 21.9418949878159],
  [50.4382709025199, 21.9412997890661],
  [50.4385974052774, 21.9407154220218],
  [50.4387425836372, 21.9409515685806],
  [50.4387580382928, 21.9409638411147],
  [50.4388988280632, 21.9410088660374],
  [50.4390185576267, 21.9411344213659],
  [50.4391455751734, 21.941259277204],
  [50.439270125695, 21.9413778904856],
  [50.4393767910586, 21.9414734840429],
  [50.4395566283748, 21.9416261379831],
  [50.4396971008645, 21.9417436614204],
  [50.4398275133615, 21.9418488787319],
  [50.4399550104562, 21.94195882533],
  [50.4400973350032, 21.942080751761],
  [50.4401674131026, 21.9421201540706],
  [50.4403949384258, 21.9422458849386],
  [50.4405114392509, 21.9423147884828],
  [50.4405862395479, 21.9423483723618],
  [50.4407149394581, 21.9424207567277],
  [50.4407313388152, 21.9424051738368],
  [50.4409593373013, 21.9424502475201],
  [50.441059374702, 21.942476026862],
  [50.4412186818182, 21.942510304302],
  [50.4410067799017, 21.9438291892153],
  [50.4410336355127, 21.9442757291752],
  [50.4408691343018, 21.9444273185042],
  [50.4408690959464, 21.9445206576551],
  [50.440798512678, 21.9448647366962],
  [50.4407854888205, 21.9449185384174],
  [50.440766837957, 21.9450673979665],
  [50.4410406102798, 21.9451331059693],
  [50.4411369035872, 21.9451548744674],
  [50.4413795308467, 21.9452805010095],
  [50.4414020522183, 21.9452971399922],
  [50.4413806564364, 21.9455513951359],
  [50.4415221314662, 21.9455450629947],
  [50.4416510748523, 21.9455429862929],
  [50.4417380826453, 21.9455457054705],
  [50.4417162637868, 21.9456528317623],
  [50.4416492912953, 21.945917302082],
  [50.4416017310635, 21.9462158066607],
  [50.4421958484792, 21.9457165923769],
  [50.4421846498113, 21.9455236302894],
  [50.4421932359873, 21.9452525026644],
  [50.4420694660388, 21.944850059217],
  [50.4421391460034, 21.9448276534602],
  [50.4422047602337, 21.9448077008758],
  [50.4422402761192, 21.9447963002187],
  [50.4424600371555, 21.9447263391652],
  [50.4425808788105, 21.9446922805627],
  [50.4427166460467, 21.9454330029016],
  [50.4427847303807, 21.9458171670825],
  [50.4427662355907, 21.9458360866506],
  [50.4428387135458, 21.946210484129],
  [50.4435009422728, 21.9453286746644],
  [50.444132661773, 21.9449481636419],
  [50.444139085474, 21.9449985549868],
  [50.4441887944708, 21.945409255636],
  [50.4442456936573, 21.9455545625924],
  [50.4443731194907, 21.9455953980082],
  [50.4444166349385, 21.945761276617],
  [50.4444527200974, 21.9458457687892],
  [50.4445728391069, 21.9459448895162],
  [50.4447744987152, 21.9461330707037],
  [50.4448767018997, 21.9462019867906],
  [50.4449798681182, 21.9453781324556],
  [50.445188741387, 21.9447336423227],
  [50.445373506531, 21.9443008487666],
  [50.4455286895086, 21.9440344498224],
  [50.4457677761174, 21.9434439098403],
  [50.4458800878283, 21.9430091028279],
  [50.4459274603935, 21.9430434137656],
  [50.4459845550413, 21.9428543286412],
  [50.4461482047895, 21.9429074238161],
  [50.4462305294861, 21.9430553511489],
  [50.4462234744566, 21.9433156910395],
  [50.4463220240393, 21.9434473275084],
  [50.4464409887322, 21.9435116453892],
  [50.4464005434006, 21.9436652993443],
  [50.4463515043145, 21.9438697518511],
  [50.4463173656683, 21.9439884714105],
  [50.4462094199702, 21.9444166086251],
  [50.4461647952713, 21.9443982611883],
  [50.4460524139348, 21.9451509915869],
  [50.4461154911481, 21.9451777328608],
  [50.4461389831231, 21.9453626486178],
  [50.4461810105263, 21.945501469962],
  [50.4462242320152, 21.9456260945442],
  [50.4463012943844, 21.9456356560502],
  [50.4463014744163, 21.9458347512833],
  [50.4463027800508, 21.9459727616243],
  [50.4462880142636, 21.9461080578943],
  [50.4462625596957, 21.9462310320924],
  [50.4461691705574, 21.9463939055337],
  [50.4461525766596, 21.9465107200414],
  [50.4460062223317, 21.9465642610069],
  [50.4458714005309, 21.9465042661067],
  [50.4458276440588, 21.9467328954558],
  [50.4458042357956, 21.9468363379292],
  [50.4457781981893, 21.946953526105],
  [50.4456556437155, 21.9468996887433],
  [50.4456319128553, 21.9471532153507],
  [50.4456522090249, 21.9471560140796],
  [50.4456841263876, 21.9471780525937],
  [50.4457655273931, 21.9472068517407],
  [50.4457719551852, 21.947168260404],
  [50.4458669763899, 21.947180576408],
  [50.4460070264523, 21.9468301064071],
  [50.4460904419335, 21.9468102286666],
  [50.446313331953, 21.9469525200783],
  [50.4463597000627, 21.9470217337556],
  [50.446479337702, 21.9471025477974],
  [50.4466499288969, 21.9472525273228],
  [50.4469738987417, 21.9475021610523],
  [50.4470756646666, 21.9475805083974],
  [50.4472087012512, 21.9479037739257],
  [50.4474140613651, 21.948332540629],
  [50.4477201811571, 21.9463904879135],
  [50.4479965325539, 21.9446449452415],
  [50.4481380518888, 21.943768853525],
  [50.4482378605587, 21.943146364178],
  [50.4482582716692, 21.9431017119893],
  [50.4484375850137, 21.9427862086809],
  [50.4486108760386, 21.9425925223524],
  [50.4488023167369, 21.9417338787203],
  [50.4489013592117, 21.941571521801],
  [50.4490469901827, 21.9413292646481],
  [50.4491100406736, 21.9412260356936],
  [50.4493287020939, 21.9410138092478],
  [50.4498068246878, 21.9405580546272],
  [50.4499412340947, 21.9407027978323],
  [50.4500454759722, 21.9408201894057],
  [50.4502481346243, 21.9410414814208],
  [50.4504554194823, 21.9412576570653],
  [50.4506651412651, 21.9414726156582],
  [50.4509970297658, 21.9420672425724],
  [50.4511165420181, 21.942519236905],
  [50.4511665376461, 21.9427291993015],
  [50.4515453963251, 21.9438172084922],
  [50.4515845301145, 21.9443018308226],
  [50.4517178848168, 21.9446645529236],
  [50.4517587583598, 21.944823785452],
  [50.4518571232123, 21.9451772233668],
  [50.4516004138071, 21.9455787852088],
  [50.4515003655254, 21.9457425310621],
  [50.4513555413302, 21.9459839583461],
  [50.4512385052677, 21.9461912979607],
  [50.451125940548, 21.9464015420554],
  [50.4509804256073, 21.9466613983235],
  [50.4505765584252, 21.946407901918],
  [50.4503837435522, 21.9463040784542],
  [50.4501640381553, 21.9461791609855],
  [50.4500598649398, 21.9461203362461],
  [50.4499218247673, 21.9460912515758],
  [50.4498273079091, 21.94607218773],
  [50.4496636513424, 21.9462412758483],
  [50.4501875374058, 21.9474237024387],
  [50.4508080476891, 21.9487842454058],
  [50.4509964680258, 21.9485997451969],
  [50.4511081401978, 21.9482347337717],
  [50.4511426462681, 21.9480272993787],
  [50.4513157324861, 21.9476611185038],
  [50.4514607044935, 21.9474792644885],
  [50.4516784532867, 21.9472259198498],
  [50.4519628210203, 21.9478120463814],
  [50.452020361212, 21.9477568691471],
  [50.452195313957, 21.9480997355888],
  [50.4521607049526, 21.9481763527973],
  [50.4522411782227, 21.9483410285375],
  [50.4521551124672, 21.9486088330214],
  [50.4522012131956, 21.9487107213213],
  [50.4519937637942, 21.9492221043232],
  [50.451785400749, 21.949646862363],
  [50.4517970441422, 21.9496963812841],
  [50.451691589694, 21.9498608558089],
  [50.4516683829812, 21.9498291299141],
  [50.4514970246243, 21.9501480261362],
  [50.4515914605576, 21.9504961843193],
  [50.4523402680271, 21.9521490458811],
  [50.4521279828416, 21.9524036077157],
  [50.4522259640066, 21.9524276833576],
  [50.4522906955182, 21.9525047432071],
  [50.4523746189306, 21.9525217775781],
  [50.452392311522, 21.9525350881458],
  [50.45246189477, 21.9526674467616],
  [50.4525466637375, 21.9528447503848],
  [50.45266450687, 21.9530344071348],
  [50.4526930704653, 21.9530706083061],
  [50.4527516497884, 21.9531303662023],
  [50.4527498699772, 21.9532049647823],
  [50.452746261844, 21.9533490914494],
  [50.4527990558066, 21.9535333588783],
  [50.4529124671784, 21.953396930961],
  [50.4530122652691, 21.9531003977881],
  [50.4530438869412, 21.9530047120139],
  [50.4531016927247, 21.9528185820426],
  [50.4531316592242, 21.9527273689189],
  [50.4531652743615, 21.9526187671847],
  [50.4532855452774, 21.9524899373038],
  [50.4533338126145, 21.9524035973509],
  [50.4535374065263, 21.9520025407623],
  [50.4535746846003, 21.952149462125],
  [50.4536388134074, 21.9521793362924],
  [50.4537294591629, 21.9521988995319],
  [50.4538296013066, 21.9522665332092],
  [50.453909945087, 21.9522375876013],
  [50.4539292914768, 21.9522465661893],
  [50.4542282690461, 21.9525385816969],
  [50.4540509545715, 21.953078880781],
  [50.4540188396731, 21.95315794147],
  [50.4538092669922, 21.9536078832613],
  [50.4537341248834, 21.9537700082749],
  [50.4535702185274, 21.9541327088099],
  [50.453394228575, 21.9544996699865],
  [50.4540197205521, 21.9558347283504],
  [50.4543607164684, 21.9565265693909],
  [50.4546043344069, 21.9558189075173],
  [50.4547430684053, 21.95540190253],
  [50.4549805782641, 21.9549337924094],
  [50.4547091091193, 21.9553440434107],
  [50.4546429789145, 21.9554704398736],
  [50.4544948170294, 21.9557436125794],
  [50.4543415893372, 21.9556154731686],
  [50.4542295885922, 21.9554374684576],
  [50.4544364192825, 21.9550595777001],
  [50.4544044524644, 21.9549999286027],
  [50.4543597815006, 21.9549107323627],
  [50.4544696296701, 21.9547266328411],
  [50.4544515840313, 21.9546248759194],
  [50.4544768710183, 21.9545782085873],
  [50.4544467552043, 21.9542818709258],
  [50.4545014813912, 21.9541755226879],
  [50.4544762043382, 21.9539249096287],
  [50.4546929228848, 21.9535466458349],
  [50.4546977831099, 21.9535130862954],
  [50.4547062646552, 21.9534435482619],
  [50.4546556795493, 21.9533079025712],
  [50.4546672121169, 21.9531402707103],
  [50.4546436285859, 21.9530558650217],
  [50.4546538153254, 21.9525913466623],
  [50.4546953247075, 21.9524958558126],
  [50.4547284440528, 21.9523599202711],
  [50.4548147828639, 21.9522795524778],
  [50.4548642843429, 21.9521961916664],
  [50.4548585287625, 21.9521304513151],
  [50.4548209191358, 21.9518262170669],
  [50.4548135557917, 21.9517811459285],
  [50.4548120257472, 21.9516714120638],
  [50.454764141264, 21.9515570867976],
  [50.4547835694566, 21.9514241147717],
  [50.4547572902197, 21.9513393740179],
  [50.4547501121109, 21.9512826182206],
  [50.4547362090883, 21.9508385985642],
  [50.4547630822565, 21.9500581192148],
  [50.4547655819355, 21.9499501561442],
  [50.4547498626615, 21.9498602763524],
  [50.4546784558382, 21.94979674246],
  [50.4545878926671, 21.949778030001],
  [50.4545029175775, 21.9497025363329],
  [50.4542810602026, 21.9494120806661],
  [50.4541706830357, 21.9490779499005],
  [50.4541467912693, 21.9489979065033],
  [50.4542295577544, 21.9490025197295],
  [50.4542634751681, 21.9488674440137],
  [50.4543399483854, 21.9485632444837],
  [50.4543765416505, 21.9482762722212],
  [50.454381450094, 21.9482476421899],
  [50.4544226715535, 21.9482532543003],
  [50.454447643841, 21.9480573033374],
  [50.4544335020169, 21.9479391505935],
  [50.4543550684955, 21.9477557790087],
  [50.4542701723074, 21.9477256362484],
  [50.4542452868961, 21.9476350117247],
  [50.454186211955, 21.9476136937052],
  [50.454205006671, 21.9475138026465],
  [50.4542326569396, 21.9473642367377],
  [50.4543302193037, 21.9471748052978],
  [50.454368391502, 21.9470579792848],
  [50.4544037335747, 21.9469022290566],
  [50.4544060234194, 21.9466428762572],
  [50.4543907596451, 21.9463419116735],
  [50.454392928319, 21.9462078901703],
  [50.4548787119063, 21.9464931770079],
  [50.4552135444985, 21.9466012538854],
  [50.4554105461432, 21.9468534641851],
  [50.4553451266232, 21.946948906496],
  [50.4554269960077, 21.9470637662471],
  [50.4554349511909, 21.9471578569929],
  [50.4555035145074, 21.9472064034151],
  [50.4556876982001, 21.9476193283725],
  [50.4559558606929, 21.9472143104032],
  [50.4560247198235, 21.9473590496975],
  [50.4560909462089, 21.9474958503743],
  [50.4558854681651, 21.9478321287594],
  [50.4557751075986, 21.9477824641533],
  [50.4554975208733, 21.9481632074675],
  [50.455413428867, 21.9485088067625],
  [50.4554175296074, 21.9486895703218],
  [50.4553417489177, 21.9489639350325],
  [50.4553411036786, 21.9491643191949],
  [50.4552446994079, 21.9491342246275],
  [50.4551059823817, 21.949100044495],
  [50.4550904603134, 21.9491953550466],
  [50.4550240913553, 21.9492416261426],
  [50.4550312578723, 21.9495644025245],
  [50.4550356175995, 21.9498013595977],
  [50.4550356695121, 21.9499051496022],
  [50.4550000765017, 21.9501021567288],
  [50.4551973243037, 21.9504994369664],
  [50.4552636174153, 21.9505725872017],
  [50.4554386044234, 21.9507671970471],
  [50.4554664755467, 21.9507671924244],
  [50.4555140570135, 21.9507536409615],
  [50.4555315478029, 21.9506706215364],
  [50.4555457539348, 21.9505824664199],
  [50.4555851222724, 21.9505287550214],
  [50.4556893744055, 21.9504235331826],
  [50.455713970483, 21.9503731870327],
  [50.4557485491517, 21.9503224775306],
  [50.4557386525392, 21.9501801834188],
  [50.4557525532143, 21.9501073719511],
  [50.4557815501721, 21.9499914876468],
  [50.4558056703499, 21.9499002913622],
  [50.4558385634879, 21.9497806824502],
  [50.4558800979446, 21.9497699662126],
  [50.4559094603172, 21.9497194333051],
  [50.4559107226988, 21.9496418618738],
  [50.4559109884488, 21.9495762409399],
  [50.4559626301996, 21.9494837643672],
  [50.456021114021, 21.9494342366268],
  [50.4560974216856, 21.9493378876824],
  [50.4561445637471, 21.9492348990471],
  [50.4561619423738, 21.9491765209061],
  [50.4561800151597, 21.9491322395804],
  [50.4563562110939, 21.9493663045546],
  [50.4567773260241, 21.9499291872996],
  [50.4568280518126, 21.9501031444745],
  [50.4568615814835, 21.9501588813483],
  [50.4569768878616, 21.9502963901147],
  [50.4569986254211, 21.9502878124056],
  [50.4570152985095, 21.9502498401273],
  [50.457082451796, 21.9502176674848],
  [50.4571477407509, 21.9503257266223],
  [50.4572074939624, 21.9502859415926],
  [50.4572725599858, 21.9502451362462],
  [50.457368165905, 21.9503729566664],
  [50.4574693520674, 21.9505110294529],
  [50.4575052134008, 21.9505234373558],
  [50.4576129784333, 21.9507145962988],
  [50.4579188167145, 21.9507505841179],
  [50.4579942982006, 21.9509095508904],
  [50.4580327608639, 21.9508566638705],
  [50.4580619891009, 21.9508226043948],
  [50.4580950491621, 21.9507817207638],
  [50.4615879869107, 21.947543990668],
  [50.4637451342815, 21.945540938238],
  [50.4637789248731, 21.9455094977552],
  [50.4659706445109, 21.9434738479609],
  [50.4691762828324, 21.9405164421691],
  [50.469483777679, 21.9403365953488],
  [50.4696435340996, 21.9402929954822],
  [50.4701514913013, 21.9401278270732],
  [50.4713044229812, 21.9397528624225],
  [50.4732397123129, 21.9391336011952],
  [50.4762151372715, 21.9381670252714],
  [50.4770940560989, 21.937888832476],
  [50.4813786784753, 21.9365318970966],
  [50.4838480138017, 21.935730723191],
  [50.4901232746342, 21.9336943480644],
  [50.4908639619754, 21.933453859021],
  [50.4935969132738, 21.932569473712],
  [50.4970282027536, 21.9314545991593],
  [50.4970745449705, 21.9316966779459],
  [50.4908862479464, 21.9336121428107],
  [50.4901499921284, 21.9338493345158],
  [50.4880309094093, 21.9345320549546],
  [50.4847428211248, 21.9356001525556],
  [50.4838767493895, 21.9358803754393],
  [50.4771266309687, 21.9380637602889],
  [50.4732632575529, 21.9393131266106],
  [50.4713309417124, 21.9399314536447],
  [50.4701817018621, 21.9403390286306],
  [50.4692354210966, 21.9406746836624],
  [50.4660298687171, 21.943632084124],
  [50.463777654481, 21.9457211732918],
  [50.4616461613792, 21.947697970892],
  [50.4581540983478, 21.950905149811],
  [50.4584576617487, 21.9516593595938],
  [50.4584075441366, 21.9517521508957],
  [50.4582651622336, 21.9519792785434],
  [50.4582275911119, 21.9520440130142],
  [50.4580283899562, 21.9522269024983],
  [50.4579753918382, 21.9522761165067],
  [50.4579072158034, 21.9523343207317],
  [50.4578840513531, 21.9523414606622],
  [50.4578260964403, 21.952370153842],
  [50.4577453931057, 21.9524100793821],
  [50.4575874541472, 21.9524946472213],
  [50.4573264507208, 21.9519677596503],
  [50.4561698491986, 21.9534993045639],
  [50.4554885871313, 21.9544033828757],
  [50.4550355726058, 21.9550906535113],
  [50.4549106565335, 21.9553250074184],
  [50.4547082692994, 21.9558514202223],
  [50.454438400776, 21.9566790999016],
  [50.4532100971697, 21.9609344378687],
  [50.4530516545091, 21.9612642685398],
  [50.452144050255, 21.9624601481454],
  [50.4519990810569, 21.9628452994343],
  [50.4512367593539, 21.9648753066859],
  [50.450893610763, 21.9658800764586],
  [50.4515414984799, 21.9666898644594],
  [50.451571483191, 21.9667276509533],
  [50.450793387491, 21.9674899315235],
  [50.4506457235606, 21.9670833488483],
  [50.4506308547949, 21.9670441812553],
  [50.4505525385202, 21.96681784707],
  [50.4505048366183, 21.9669430433003],
  [50.4509469895283, 21.9682524755803],
  [50.4512080015335, 21.969039467466],
  [50.4512025431814, 21.9691227184706],
  [50.4515041278923, 21.9699599753964],
  [50.4515486551826, 21.9698924492436],
  [50.4524576275753, 21.9715721327849],
  [50.4527331341348, 21.9720743056733],
  [50.453085054201, 21.9727384459125],
  [50.4536727701128, 21.9737603358892],
  [50.4534732108783, 21.9745510375503],
  [50.4532902724631, 21.9753317944075],
  [50.4545253525013, 21.9759073938898],
  [50.4557302705743, 21.9764663484043],
  [50.456777810428, 21.9769549130676],
  [50.4581558863509, 21.9775991753551],
  [50.4599780145053, 21.9784565736382],
  [50.4616140715174, 21.9792234349702],
  [50.4629908404091, 21.980373596837],
  [50.463035873853, 21.9804067826296],
  [50.4630487169605, 21.9803870474293],
  [50.4637271863795, 21.9793366544356],
  [50.4645454830892, 21.9780471280972],
  [50.4652802516422, 21.9769171179676],
  [50.465319691112, 21.9768563760575],
  [50.4653982955561, 21.9767354497105],
  [50.4654697039277, 21.9766256433401],
  [50.46553081978, 21.9765316824318],
  [50.4655737198174, 21.9764656585583],
  [50.4656415879176, 21.9763598633592],
  [50.465731682347, 21.9762195926614],
  [50.4658680531528, 21.9760073093324],
  [50.4664191825001, 21.9751491240935],
  [50.4674655639457, 21.9735218402965],
  [50.4686525248537, 21.9716805729334],
  [50.4686855798662, 21.9716303974462],
  [50.4698091667011, 21.9699245245914],
  [50.4698364838679, 21.9698831041174],
  [50.4698890506582, 21.9698002207309],
  [50.4701301122891, 21.9694198693035],
  [50.470521856847, 21.9688018432606],
  [50.4706367103704, 21.9686238733475],
  [50.471177550489, 21.9677854520363],
  [50.4724744151974, 21.9657876503278],
  [50.4730001531218, 21.9649681576599],
  [50.4734307865951, 21.9642978778014],
  [50.4736383596325, 21.9639748325559],
  [50.4743923200135, 21.9628012470889],
  [50.4759562978385, 21.9603243562837],
  [50.4762998588693, 21.9597759309447],
  [50.4763552504643, 21.9596875876909],
  [50.4771022529144, 21.9588513039104],
  [50.4773263478997, 21.9586271690584],
  [50.4785362903669, 21.9586293816938],
  [50.4788885350276, 21.958586770189],
  [50.4796936215105, 21.9584697641543],
  [50.4797099208612, 21.958466571322],
  [50.4806241353324, 21.9582862487455],
  [50.4808353279266, 21.9581876603312],
  [50.4812575319141, 21.9579906181481],
  [50.4814022292085, 21.9579750848902],
  [50.4816417706035, 21.9579494919445],
  [50.4818006097568, 21.9579088812787],
  [50.4819096942693, 21.957861769256],
  [50.4821515040483, 21.9577571725708],
  [50.4822761146657, 21.9585107270733],
  [50.4823189357655, 21.9587695947506],
  [50.4823323825555, 21.9588507477106],
  [50.4823379336565, 21.9588753779401],
  [50.482369846001, 21.9590177767327],
  [50.4824713139003, 21.9594694673716],
  [50.4825406037755, 21.9597781909257],
  [50.4825640158766, 21.9598827962679],
  [50.4825847411811, 21.959975229174],
  [50.4826528165576, 21.9602784341765],
  [50.4826887191848, 21.9604382475021],
  [50.4827874139459, 21.960789560944],
  [50.4832811262243, 21.9625479869328],
  [50.4844295669642, 21.9632245931424],
  [50.4844697984782, 21.9632193517171],
  [50.4857155842022, 21.9617027582991],
  [50.4859555234318, 21.9614549621476],
  [50.4862284876938, 21.9611817634831],
  [50.4863723717444, 21.9610905482828],
  [50.4868135754769, 21.9609776019041],
  [50.4869446574041, 21.9609233285328],
  [50.4872516034546, 21.9607810222592],
  [50.4876142777544, 21.9608037378296],
  [50.4878235070136, 21.9608778792938],
  [50.4883094215575, 21.9612080578629],
  [50.4887793847683, 21.96154271103],
  [50.488888841273, 21.9617663289446],
  [50.4890509909048, 21.9620977000024],
  [50.4890986022974, 21.9621894243114],
  [50.4891761759013, 21.9623761790749],
  [50.4897687494988, 21.9641468778972],
  [50.4899025473269, 21.964513764204],
  [50.4902616371181, 21.9653700443825],
  [50.4904996470915, 21.9658651965023],
  [50.4905331365643, 21.96588152277],
  [50.4916857439324, 21.966443679638],
  [50.491990013073, 21.9665920921656],
  [50.4931717717796, 21.9670970940553],
  [50.4935595097672, 21.9672627235632],
  [50.4936932722953, 21.9673081603567],
  [50.4937188748293, 21.9673106563924],
  [50.4937734922407, 21.9673161409848],
  [50.4938856024012, 21.967327309874],
  [50.4941004799061, 21.9673487522993],
  [50.4953899256178, 21.9674772739706],
  [50.4958841799598, 21.9675265536662],
  [50.4959784161158, 21.9675248140982],
  [50.4977452603135, 21.9674914194514],
  [50.4986316253381, 21.9674721739765],
  [50.499377775692, 21.9674049568947],
  [50.499461360455, 21.9673975020837],
  [50.4997505291541, 21.9673072750211],
  [50.5003591772728, 21.9670711931966],
  [50.5009765263154, 21.9667508462258],
  [50.5012725146573, 21.9665971769635],
  [50.501484825037, 21.9664946596789],
  [50.5015891322673, 21.9664385701771],
  [50.5017305589546, 21.9663622341557],
  [50.5018958792084, 21.9662776453907],
  [50.5019661798116, 21.9664624766621],
  [50.5022013910633, 21.9669259828815],
  [50.5023283727214, 21.9672681654552],
  [50.5023541368684, 21.967337765636],
  [50.5025774057416, 21.9679396072896],
  [50.5027399849775, 21.9685630501272],
  [50.5029132395666, 21.9696963179658],
  [50.5029284135355, 21.9697958707794],
  [50.5029826398244, 21.9701503906956],
  [50.5031285491413, 21.9709601483338],
  [50.5035126667199, 21.9715374053681],
  [50.5040093413036, 21.9717596185363],
  [50.5044280301752, 21.9720292942233],
  [50.5049248810174, 21.9722195193296],
  [50.5050853252703, 21.9722240826784],
  [50.5050718230037, 21.9726027468735],
  [50.5055024849702, 21.9729671365156],
  [50.5057305569008, 21.9731308457574],
  [50.5058275226454, 21.9732005079775],
  [50.5060634314207, 21.9733301229061],
  [50.506268822388, 21.9733461876317],
  [50.5064123521209, 21.9728466884223],
  [50.5064594166416, 21.9724756109431],
  [50.506328873091, 21.9725401765006],
  [50.5062962611887, 21.9719559949777],
  [50.506251516316, 21.9716402708421],
  [50.5062157673816, 21.9713884542161],
  [50.5062678104951, 21.9712390976293],
  [50.5062324254394, 21.9700376562715],
  [50.5057877848396, 21.9695262439097],
  [50.5055726738059, 21.9695761149919],
  [50.5054214302881, 21.9696110813413],
  [50.5052208507693, 21.9694166565061],
  [50.5055441407806, 21.9688565498931],
  [50.5058421143486, 21.9685402319292],
  [50.5054801091642, 21.9679293064206],
  [50.5055041432482, 21.967839290858],
  [50.5055790753935, 21.9679317525961],
  [50.5058719353269, 21.9677003335733],
  [50.5060525119416, 21.9672080633904],
  [50.5061251714298, 21.9671304589004],
  [50.506356245589, 21.9675613587611],
  [50.5064430974503, 21.9677232861946],
  [50.5064792030566, 21.9678033955978],
  [50.5067432415531, 21.968389067509],
  [50.5069681770473, 21.9680010367657],
  [50.5070131872626, 21.9678752151518],
  [50.5071113074771, 21.9676008977907],
  [50.5068607096298, 21.9674313928114],
  [50.5065717284424, 21.967250250024],
  [50.5066964356058, 21.9669030263473],
  [50.5069066882748, 21.9663986621239],
  [50.5072482742474, 21.9664163494025],
  [50.5076333234704, 21.9667433946391],
  [50.5080036551213, 21.9670778987204],
  [50.5080616578649, 21.9671304017929],
  [50.5081749898688, 21.9671026873443],
  [50.5084766451809, 21.9673058062065],
  [50.5085323449228, 21.9673433185685],
  [50.5086992427097, 21.9673935362585],
  [50.5088490654141, 21.9673779876517],
  [50.5090361872441, 21.9673097670598],
  [50.509222974624, 21.9671735830994],
  [50.5095359834066, 21.9667567306191],
  [50.5095653482262, 21.9667175715258],
  [50.5096720605256, 21.9665992052086],
  [50.5097195181394, 21.9665465983975],
  [50.5097986945554, 21.9663661978421],
  [50.5097831710092, 21.966070085551],
  [50.5098096930184, 21.9660267791285],
  [50.5099558883421, 21.9657874011454],
  [50.510154450951, 21.9657271606027],
  [50.5101867140177, 21.9665087647651],
  [50.5102316316826, 21.9664372127076],
  [50.510269716225, 21.9663765182952],
  [50.5104564049841, 21.9660787492149],
  [50.510682407445, 21.9657345475976],
  [50.5107017691918, 21.9657198564603],
  [50.5107362584525, 21.9656048055901],
  [50.5108719322492, 21.9654631968541],
  [50.5110233111868, 21.9651948729687],
  [50.5113351124232, 21.9646407801453],
  [50.5115677359153, 21.963995958915],
  [50.5116526227212, 21.963744320032],
  [50.5116171950035, 21.9636688715564],
  [50.5115278871739, 21.9638138285891],
  [50.5114831061233, 21.963717040691],
  [50.5115669692067, 21.9632087709023],
  [50.5117017976689, 21.9629842306554],
  [50.5120367641582, 21.9630630941192],
  [50.5122729083281, 21.9627090622807],
  [50.512627039991, 21.962090094179],
  [50.512674577337, 21.9619731862378],
  [50.5128446330053, 21.9617176284199],
  [50.5129804096814, 21.9614758953512],
  [50.5131428459273, 21.9612283573389],
  [50.5131912804135, 21.9612640267722],
  [50.5133956559873, 21.9609022824991],
  [50.5135523520872, 21.960500369424],
  [50.5138616098253, 21.9596958875031],
  [50.5142239419026, 21.9589962481366],
  [50.514117135967, 21.9587230781153],
  [50.5140374892, 21.9583287747122],
  [50.5140207920311, 21.9581946259468],
  [50.5140625046745, 21.9580530584597],
  [50.5141963215313, 21.9576114688276],
  [50.5142216541411, 21.9578435072695],
  [50.5142294017077, 21.9581475242436],
  [50.5142357767128, 21.9583779102602],
  [50.5142912441522, 21.9586514503964],
  [50.5143276473, 21.9587726040206],
  [50.5143643518231, 21.9586933989378],
  [50.5144801392832, 21.9584436305788],
  [50.5145411181468, 21.9582333603866],
  [50.5150023316298, 21.9567033496133],
  [50.515042260413, 21.9565707661549],
  [50.5151504945403, 21.9562111344613],
  [50.5151148957119, 21.9562325530431],
  [50.5148932435692, 21.9563899479216],
  [50.5147006651442, 21.9565759886757],
  [50.5144999646706, 21.9567985245795],
  [50.5146816770914, 21.9563593051761],
  [50.5146796905268, 21.9562071220056],
  [50.5146994465458, 21.956188062608],
  [50.5148323396749, 21.9560770979951],
  [50.5152411655874, 21.9559099456895],
  [50.5153615031818, 21.9555103687117],
  [50.5156618460936, 21.9545169770908],
  [50.5160163715346, 21.9533396624591],
  [50.5160874869074, 21.9530761410912],
  [50.5163322717206, 21.9522886019934],
  [50.5164343108326, 21.9519812815458],
  [50.5167511047496, 21.9521283816704],
  [50.5169516918715, 21.9521494793784],
  [50.5173625478899, 21.952173115606],
  [50.5177108542454, 21.9520288167311],
  [50.5182736036238, 21.9518053485317],
  [50.5184343186335, 21.9511387601873],
  [50.518571277171, 21.9505183662737],
  [50.5186545497022, 21.9499431442894],
  [50.5187579036118, 21.9491099821504],
  [50.5188325421049, 21.9481700559265],
  [50.5188403278915, 21.9473019759993],
  [50.5188268954176, 21.9468422769167],
  [50.5187856650836, 21.9461300268041],
  [50.5187183904599, 21.9451369184781],
  [50.5187056726289, 21.9447653702918],
  [50.5187132950681, 21.9441138890884],
  [50.5187470055889, 21.9435488063935],
  [50.5188057585911, 21.9430328724083],
  [50.5188947443864, 21.9424358909138],
  [50.519022671981, 21.9418814231257],
  [50.5191385756533, 21.9414571538262],
  [50.5192797737029, 21.9410288728946],
  [50.5195625169982, 21.9403179820689],
  [50.5197742562879, 21.9398600708671],
  [50.5201751204564, 21.9388046008135],
  [50.5204252220456, 21.9379253626828],
  [50.5205663185561, 21.9373182428946],
  [50.5207035973959, 21.9366488534437],
  [50.5207523083569, 21.9363493004179],
  [50.5208228504532, 21.9357496609901],
  [50.5209032743701, 21.934781160202],
  [50.5209273137489, 21.9340038977408],
  [50.5209188077486, 21.9326537248045],
  [50.5209960093448, 21.9317139220734],
  [50.5211055248208, 21.9309933370991],
  [50.5212657526923, 21.9302714894204],
  [50.5214605606173, 21.9296321099516],
  [50.5216442110162, 21.9291624404575],
  [50.5218704087735, 21.9286672307218],
  [50.5220989684039, 21.9282250882445],
  [50.522442288641, 21.9276986013266],
  [50.5227503137558, 21.9273815462841],
  [50.5227178863219, 21.9273328203651],
  [50.5226918546927, 21.9272938097154],
  [50.5226847475957, 21.9272830933825],
  [50.5224810214944, 21.9270121373054],
  [50.5222494247784, 21.9267184966291],
  [50.5220720966631, 21.926485575149],
  [50.5214760923363, 21.9256177504604],
  [50.5209757267566, 21.9249554529213],
  [50.5206329739027, 21.924506792747],
  [50.5204487352379, 21.9242717783567],
  [50.5202976810005, 21.9240808480263],
  [50.5201040203353, 21.9238321151539],
  [50.5199845704079, 21.9236804437843],
  [50.519946384956, 21.9236320339577],
  [50.5196526902316, 21.9233112667754],
  [50.5200334241117, 21.9234607019457],
  [50.5201259194625, 21.9234969157584],
  [50.52054222917, 21.9235023608668],
  [50.5205383281641, 21.922939893229],
  [50.5205380320024, 21.9228978632137],
  [50.5205332221034, 21.9222341249601],
  [50.5205318615704, 21.9219859016399],
  [50.519721040319, 21.9219925261871],
  [50.5196607095577, 21.9219930429711],
  [50.5193366978112, 21.9219806664991],
  [50.5191910044926, 21.9219751486891],
  [50.5189638184008, 21.9219404040758],
  [50.5187334331277, 21.92199175799],
  [50.5184143882543, 21.9219652361447],
  [50.5181696475234, 21.922251238806],
  [50.5180485520298, 21.9223183986133],
  [50.5179857014168, 21.9223532731343],
  [50.5178756145804, 21.9224040074619],
  [50.5176984487213, 21.9225126593173],
  [50.5167865131329, 21.9224133799513],
  [50.5168193888228, 21.9221107085158],
  [50.516847606205, 21.9218512359822],
  [50.5168763574298, 21.9217740994874],
  [50.5170227810243, 21.9213807119726],
  [50.5170578249977, 21.9212354483022],
  [50.5170859554356, 21.921020813643],
  [50.5170917281736, 21.9202339455561],
  [50.51711508665, 21.9198834240773],
  [50.5172056882708, 21.9192033970032],
  [50.5172300587807, 21.9190204149654],
  [50.5171654325033, 21.9189500646911],
  [50.5170479732267, 21.9190237886368],
  [50.5169946643507, 21.9190573009881],
  [50.5168588874377, 21.9192533473162],
  [50.5167599428416, 21.9193961013871],
  [50.5164282775021, 21.9196355775269],
  [50.5161018698974, 21.9192093142173],
  [50.5157483646154, 21.9188785563066],
  [50.5157002169563, 21.9189302169579],
  [50.5152830240172, 21.9187176593476],
  [50.5151388914024, 21.9184345440394],
  [50.5151587211274, 21.917983572242],
  [50.5151023449777, 21.9175508634249],
  [50.5152710761963, 21.9171885080091],
  [50.5151881690956, 21.916710868681],
  [50.5151256390063, 21.916351223473],
  [50.5150992338716, 21.9161992732233],
  [50.5150465084595, 21.915895938897],
  [50.5150069447326, 21.9156680152059],
  [50.5149539615549, 21.9153629850369],
  [50.5149216263202, 21.9151760932082],
  [50.5148306221645, 21.91465233725],
  [50.5147396167474, 21.9141284422951],
  [50.5145748753726, 21.9131819498457],
  [50.5145574157026, 21.9130810778201],
  [50.514481363638, 21.9126443349964],
  [50.5144033374082, 21.9121954293192],
  [50.514323755418, 21.9117383170305],
  [50.5143135153346, 21.9116797448243],
  [50.5142640460961, 21.9113953776401],
  [50.5142195659237, 21.9111397305021],
  [50.5141257717252, 21.9106025413627],
  [50.5140306916738, 21.9100570105614],
  [50.5139315625432, 21.9094885619791],
  [50.5138506743253, 21.9090246657449],
  [50.5137031743859, 21.9081792142406],
  [50.5136577345824, 21.9079189017873],
  [50.5136406090104, 21.9078207191036],
  [50.5135709911348, 21.907421058695],
  [50.5134764134881, 21.9068783704076],
  [50.5133736524177, 21.9062894207865],
  [50.5133502464413, 21.9061547412104],
  [50.513255404151, 21.9056106429723],
  [50.5132049717598, 21.905321053212],
  [50.5131867247138, 21.9052165060252],
  [50.5131640859681, 21.9050870591477],
  [50.513110981746, 21.9047824735815],
  [50.5130310218815, 21.9043239692435],
  [50.5130181162179, 21.9042492755283],
  [50.5129922236126, 21.9040987586823],
  [50.5129182613312, 21.9036780176563],
  [50.5129127808614, 21.903654366348],
  [50.5129090697826, 21.9036344147734],
  [50.5128559199785, 21.9033236277278],
  [50.5128337506606, 21.9032029334983],
  [50.5128125160081, 21.9030660424717],
  [50.5127671876487, 21.9028130739099],
  [50.5127304586055, 21.9025989031266],
  [50.5126632686843, 21.9022084693145],
  [50.5126213292405, 21.9019588098958],
  [50.5125690043468, 21.9016686279327],
  [50.5125090945506, 21.9013361441213],
  [50.5124157746036, 21.9008015411092],
  [50.5123222822156, 21.9002656679763],
  [50.5122280088228, 21.8997258342448],
  [50.5121401939177, 21.8992225022673],
  [50.5121374393148, 21.899206658417],
  [50.5120348114032, 21.8986187318848],
  [50.5118919975061, 21.8985778110723],
  [50.5114424386189, 21.8981623695046],
  [50.5109870696586, 21.8976374156888],
  [50.5110821416556, 21.89758535934],
  [50.511123133268, 21.8975627318173],
  [50.5109229981882, 21.8973418092312],
  [50.5108547109731, 21.8972664940184],
  [50.5107832060462, 21.8971887211807],
  [50.5104728427954, 21.8968515106632],
  [50.5101700857401, 21.8965188193338],
  [50.5098842444998, 21.8962076008765],
  [50.509878255697, 21.8961797126705],
  [50.5098336696934, 21.8961320603172],
  [50.5097817126472, 21.8960725664671],
  [50.509566662511, 21.8958267013749],
  [50.5093427905513, 21.8955705205503],
  [50.5092579549294, 21.8957529038499],
  [50.50964473874, 21.8961721902438],
  [50.504635848935, 21.898478299421],
  [50.5043815614792, 21.8970371040859],
  [50.5038408643416, 21.8939989445859],
  [50.5036695079362, 21.8930496564408],
  [50.5032421553118, 21.8906831819482],
  [50.502698942903, 21.8875994486615],
  [50.5022264988785, 21.8849646760084],
  [50.5017210413733, 21.8821583511726],
  [50.5013790878386, 21.8800971550811],
  [50.501253085258, 21.8800198208472],
  [50.5010985333611, 21.8798895183924],
  [50.5010646154631, 21.8796071039034],
  [50.501027732173, 21.8795386158329],
  [50.5007336116625, 21.877959739422],
  [50.5005363594608, 21.8768622248506],
  [50.5003290869981, 21.8757089957914],
  [50.4998745183763, 21.8731483857106],
  [50.499566110389, 21.8714248430528],
  [50.4994081836651, 21.8705426433988],
  [50.4988699358098, 21.8675295406347],
  [50.4985777461285, 21.8659109568997],
  [50.4985404446711, 21.8657041986679],
  [50.4982668668769, 21.8642152321886],
  [50.4979366756392, 21.8622953445547],
  [50.4979307016099, 21.8622643670416],
  [50.4979206852545, 21.8622086491443],
  [50.4970072271975, 21.862356508715],
  [50.4961769873103, 21.862508979114],
  [50.4952185557582, 21.8626595323861],
  [50.4947825489884, 21.8626668132932],
  [50.4946156798514, 21.8627522864813],
  [50.4942138020357, 21.8633463663615],
  [50.4937306462973, 21.8640736930414],
  [50.4931835943238, 21.8649178043874],
  [50.4926431221258, 21.8657830162882],
  [50.492027978137, 21.8667385914946],
  [50.4919667592614, 21.8668221735534],
  [50.4917057570742, 21.8672091958623],
  [50.4905847017003, 21.8690321961062],
  [50.4901583254423, 21.869663915096],
  [50.4900411729367, 21.8698811920244],
  [50.4899832807393, 21.8699885038195],
  [50.489828355515, 21.8702073401653],
  [50.4896690551877, 21.8704821842968],
  [50.4890429298081, 21.8714702731345],
  [50.488266379299, 21.8727227586271],
  [50.4882169300153, 21.8726629413437],
  [50.4889956626457, 21.8714071140701],
  [50.4896195499697, 21.8704296948226],
  [50.4897923538519, 21.8701404422184],
  [50.4899471890582, 21.8699216041663],
  [50.4901177740544, 21.8696042619359],
  [50.4905531567455, 21.8689583331696],
  [50.4917064807443, 21.867099984742],
  [50.4919334566713, 21.8667547607954],
  [50.4920104117331, 21.8666466619554],
  [50.4926099360812, 21.8657119410547],
  [50.4931457298517, 21.8648713078417],
  [50.4936951846827, 21.8640062403167],
  [50.4941605891637, 21.8632842276401],
  [50.4945868706477, 21.8626848137017],
  [50.494776291455, 21.862589180249],
  [50.4952010228022, 21.8625747869766],
  [50.4961663655183, 21.8624136458454],
  [50.4970033328086, 21.8622753913267],
  [50.497903357883, 21.862120378971],
  [50.4975996814761, 21.8605495771909],
  [50.4975502397866, 21.8602932737753],
  [50.4970957118452, 21.85862024929],
  [50.4969011717416, 21.8578864601594],
  [50.4962198631389, 21.8588866901608],
  [50.4960556951318, 21.8594835859042],
  [50.4958591789854, 21.859761209003],
  [50.495507023094, 21.8598336053268],
  [50.4952790613584, 21.8599743586959],
  [50.4949414149975, 21.8605651271195],
  [50.4944616873134, 21.8604787516236],
  [50.4942757233648, 21.859802655848],
  [50.4933826217898, 21.859970088664],
  [50.4930580021157, 21.8602945553207],
  [50.4926379604199, 21.8603678246958],
  [50.4925827591867, 21.8592235392964],
  [50.4921799269802, 21.858219391932],
  [50.4928406868016, 21.857786704195],
  [50.4926756262951, 21.8569435868072],
  [50.4921330592602, 21.8561963949602],
  [50.4918306517628, 21.8562649198979],
  [50.49148770514, 21.8557087965935],
  [50.4910792359848, 21.8557002905816],
  [50.4909167584597, 21.8552745589408],
  [50.4901174761572, 21.8558644357988],
  [50.4896821110603, 21.853384260666],
  [50.4888992792196, 21.85474743114],
  [50.4872480272563, 21.857625551989],
  [50.4872027343024, 21.8575618812473],
  [50.4871473891859, 21.8574836547471],
  [50.4888061888573, 21.8545934106388],
  [50.4899920059201, 21.8525145301947],
  [50.4915846202725, 21.8497446614269],
  [50.4917818848437, 21.8493858567344],
  [50.4910594379591, 21.8467525429116],
  [50.4903376533856, 21.8440444876306],
  [50.4898733249146, 21.8423020828087],
  [50.4893600256772, 21.8403778925514],
  [50.4884321679761, 21.8369006041276],
  [50.4883253170419, 21.8365438689659],
  [50.4882894059086, 21.8364241538407],
  [50.4882722845486, 21.836367059096],
  [50.488216080178, 21.8361937167424],
  [50.4872251201519, 21.8324711289455],
  [50.4865606961849, 21.8299812511826],
  [50.4861694750227, 21.828510542396],
  [50.4851331217925, 21.8246505186278],
  [50.484869267694, 21.8236700967482],
  [50.4840930418518, 21.8207398719419],
  [50.4840740562296, 21.8206910694814],
  [50.4839537958043, 21.8202143973421],
  [50.4830399677149, 21.8168173376329],
  [50.4821791433583, 21.8136177424628],
  [50.4819844431367, 21.8129049409322],
  [50.4809271506958, 21.8090339737012],
  [50.479872004388, 21.8051720932921],
  [50.4798467782294, 21.805075712498],
  [50.4793395955854, 21.8032183810465],
  [50.4790144109664, 21.8020313118089],
  [50.4788847881572, 21.8015583843372],
  [50.4788094883983, 21.8012520712339],
  [50.4782497157327, 21.7991756896798],
  [50.4778307394227, 21.7974870675895],
  [50.4777821832353, 21.7972912549398],
  [50.4777655595465, 21.7972243330251],
  [50.4775151317963, 21.7962845978067],
  [50.4770516035747, 21.7945442784335],
  [50.4767325156868, 21.7933467211226],
  [50.4752966122991, 21.7942854976229],
  [50.4740106829894, 21.7951424866732],
  [50.4733994629173, 21.7954773890448],
  [50.472574240474, 21.7960132439833],
  [50.4711384025184, 21.7969653838316],
  [50.4709010875379, 21.7971176216085],
  [50.4707885587814, 21.7971915186055],
  [50.4650423110135, 21.8009374266637],
  [50.4614048120406, 21.8033628741995],
  [50.4596109097096, 21.8045353901251],
  [50.459596575715, 21.804475994666],
  [50.4613908754194, 21.8033109483138],
  [50.4650282824696, 21.8008856368028],
  [50.4707650001192, 21.7971001191759],
  [50.4707256085947, 21.7969707000067],
  [50.4705646992358, 21.796442122232],
  [50.4696657596376, 21.7930146182352],
  [50.4686270487768, 21.7891433037356],
  [50.4675812094296, 21.7852434466916],
  [50.4665297085179, 21.7813639530925],
  [50.4654645964985, 21.777430038899],
  [50.4644159560464, 21.7735138960204],
  [50.4587339556364, 21.7774194149353],
  [50.4576581489956, 21.7734107187473],
  [50.457625511436, 21.7732892112095],
  [50.4569645425887, 21.7708605113436],
  [50.4569505005613, 21.7708087390803],
  [50.456807960647, 21.7702850688456],
  [50.4561610981191, 21.7679027324025],
  [50.456140645632, 21.7678276214555],
  [50.4561078003206, 21.7676958378685],
  [50.4559936264446, 21.7673540314729],
  [50.4559250341495, 21.7671485808547],
  [50.4557305401256, 21.766566072592],
  [50.4556581541373, 21.7663494376482],
  [50.4554472550022, 21.7657180860755],
  [50.4552762931675, 21.765206382059],
  [50.4544323213855, 21.7627313183348],
  [50.4542539669645, 21.7622069841341],
  [50.4541619679479, 21.7619362534387],
  [50.453929363574, 21.7612520667541],
  [50.4537518885019, 21.7607297293292],
  [50.4535806713792, 21.7602262252691],
  [50.4535041924899, 21.7600012359359],
  [50.4533599677258, 21.759576746889],
  [50.4533509719751, 21.7595499878703],
  [50.4526253320429, 21.7574132876551],
  [50.4526182750267, 21.7573924747656],
  [50.4525683446748, 21.7572455088745],
  [50.4507094598107, 21.7557502645212],
  [50.450463986575, 21.755561046272],
  [50.4504620630939, 21.7555665072809],
  [50.45011458746572, 21.755283996432258],
  [50.445793829087393, 21.752704440230989],
  [50.4455718681462, 21.7528520727402],
  [50.4454669472019, 21.7529216510519],
  [50.445363016902, 21.7529909631872],
  [50.4450582723263, 21.7531936594157],
  [50.4450271983937, 21.7532162565813],
  [50.4449083104203, 21.7532906801876],
  [50.4448266056961, 21.7533431666405],
  [50.4446137221763, 21.7534798768437],
  [50.4444257557627, 21.7536006495266],
  [50.4442579219162, 21.7537085065133],
  [50.4440444949323, 21.7538457680045],
  [50.4438065118734, 21.7539986883337],
  [50.443782858577, 21.7540137995582],
  [50.4437367279341, 21.754042914318],
  [50.4435195267098, 21.7541798312581],
  [50.4433017841161, 21.754317019931],
  [50.4431564415895, 21.7544086162687],
  [50.4430835909615, 21.7544543409826],
  [50.4429483587544, 21.7545396209515],
  [50.4427929047026, 21.7546376722037],
  [50.4427093106164, 21.7546902647809],
  [50.4426112709325, 21.7547522010093],
  [50.442594122063, 21.7547624873587],
  [50.4424654703555, 21.7548450545086],
  [50.4423862049185, 21.7548956034129],
  [50.4423746497283, 21.7549028813252],
  [50.4423066697688, 21.7549461478592],
  [50.4422320990139, 21.7549936738078],
  [50.4420147077248, 21.7551319869742],
  [50.4418293648513, 21.7552499726582],
  [50.4416082701222, 21.7553908994646],
  [50.4415450718719, 21.7554315658191],
  [50.4414722190079, 21.7554775689728],
  [50.4413367108649, 21.7555636834963],
  [50.4409453499687, 21.7558128331766],
  [50.4409812595423, 21.756208442818],
  [50.4410165705253, 21.7565991161053],
  [50.441092080957, 21.7574299574928],
  [50.4411399169571, 21.7579537324527],
  [50.4411619549439, 21.7582004560402],
  [50.4411870882356, 21.7585101597108],
  [50.4412324313658, 21.7590707823675],
  [50.4413368376268, 21.7603751295315],
  [50.4410849993421, 21.7604731625191],
  [50.4403215104645, 21.7607767006318],
  [50.4403122271764, 21.7607802121286],
  [50.4402999699344, 21.7607848021993],
  [50.4402973555676, 21.760785886539],
  [50.4395957933342, 21.7610646452438],
  [50.4395545853302, 21.7610831303716],
  [50.4392089415337, 21.7608837361775],
  [50.4391861967447, 21.7608835123072],
  [50.4388052813457, 21.7608809248964],
  [50.4383871526033, 21.7607808873861],
  [50.4381039347273, 21.7606454270807],
  [50.4377411148518, 21.7603089351139],
  [50.4374981999084, 21.7600869865785],
  [50.4372605292511, 21.7596814165532],
  [50.4370131575807, 21.7593707161689],
  [50.4369554967965, 21.7592927917494],
  [50.4369964946556, 21.7592513569517],
  [50.4369091025726, 21.759058932514],
  [50.4368410891205, 21.7589141176635],
  [50.436770908784, 21.7587706762972],
  [50.4366221018918, 21.7584553650395],
  [50.4364766074756, 21.7581420794562],
  [50.4364352107889, 21.7580791980028],
  [50.436346003464, 21.7579581191662],
  [50.4361782400537, 21.7578612657278],
  [50.4361497859039, 21.7578679906218],
  [50.4359421382034, 21.7579177447996],
  [50.4359008470885, 21.7579076540042],
  [50.4358024650154, 21.7578838417606],
  [50.4357426835684, 21.7578690919961],
  [50.4356651272975, 21.7578502577493],
  [50.4355530872429, 21.7578114471403],
  [50.4354214120122, 21.757764299548],
  [50.4354206946707, 21.7577640065626],
  [50.4353664161588, 21.7577463888234],
  [50.4352331806469, 21.7577179385991],
  [50.435068044496, 21.7576732135665],
  [50.4349382046172, 21.7576065297706],
  [50.4349099256877, 21.7576139612726],
  [50.4347324109105, 21.757661521767],
  [50.4344445315187, 21.7576062517669],
  [50.4346216423898, 21.7555743296326],
  [50.4339778089834, 21.7561579582647],
  [50.433685962607, 21.7564224454596],
  [50.4336659214445, 21.75628291295],
  [50.4336001252324, 21.755823968065],
  [50.4335524739846, 21.7554918575053],
  [50.4335307994945, 21.755340616624],
  [50.4335339916291, 21.7544189635391],
  [50.4335075358801, 21.7543809598854],
  [50.4334238786232, 21.7542768750305],
  [50.4331236436058, 21.7541856778504],
  [50.4331307612994, 21.7541417330754],
  [50.4329980062146, 21.7541083754314],
  [50.4329758314001, 21.754297626172],
  [50.4325984738756, 21.7544395671074],
  [50.4325316419787, 21.7543334993913],
  [50.4323630178282, 21.7545353407777],
  [50.432160552768, 21.7547704244068],
  [50.4320865546471, 21.7549791163317],
  [50.4321373970512, 21.755179940598],
  [50.4322272107617, 21.7555819645111],
  [50.4322313092091, 21.7556153892173],
  [50.4321633044532, 21.7562436316413],
  [50.4321616691816, 21.7562600741679],
  [50.4320775097681, 21.7565654425604],
  [50.4319728899879, 21.7569615531297],
  [50.4318676282565, 21.7578564917114],
  [50.431748780233, 21.7585037604119],
  [50.4316635611829, 21.7589706927083],
  [50.431613234271, 21.7594084821192],
  [50.4313477026137, 21.7590423542411],
  [50.4313888317876, 21.7594768181311],
  [50.4313095058781, 21.7594949732021],
  [50.4311861678324, 21.7596306576009],
  [50.4310985989525, 21.7597270803842],
  [50.4310558657963, 21.7599516026174],
  [50.4310477739746, 21.7599654077096],
  [50.4309724890325, 21.7600943995863],
  [50.4309084798899, 21.7602038661485],
  [50.4308717208368, 21.7604495957423],
  [50.4308145592405, 21.760831810055],
  [50.4308746395651, 21.7609245440601],
  [50.4308787720585, 21.7610487547017],
  [50.430730385876, 21.7615771549668],
  [50.4306581290212, 21.7618338546723],
  [50.4303914442485, 21.7621668165764],
  [50.4301596337726, 21.762034448509],
  [50.4299551452222, 21.7618760591138],
  [50.4297345071273, 21.7627006908443],
  [50.4296977592065, 21.7626833512617],
  [50.429684297745, 21.762679616264],
  [50.4295510089541, 21.7624262374268],
  [50.4297305065151, 21.7613484423308],
  [50.4297827018219, 21.7609560237399],
  [50.4298621845667, 21.7604876140404],
  [50.4298737778752, 21.7604195358473],
  [50.4291144233435, 21.7597873782891],
  [50.4290035806485, 21.759689192252],
  [50.4281803164523, 21.759012968332],
  [50.4281882715849, 21.7592819190396],
  [50.4281340811983, 21.7595951955875],
  [50.4280359544541, 21.7598903158503],
  [50.4278739981847, 21.7602535184153],
  [50.4277662720881, 21.7603251211205],
  [50.427532082173, 21.7605977908329],
  [50.4274715286795, 21.7607699349225],
  [50.4271816082204, 21.7612331170566],
  [50.4271425844211, 21.7612063133493],
  [50.4262171667923, 21.7606582155103],
  [50.4262694305575, 21.7600623167703],
  [50.4262805207853, 21.7599335767731],
  [50.4262592000561, 21.7597428148735],
  [50.4262113440418, 21.7596228428302],
  [50.4260490485236, 21.7593496053766],
  [50.4259445889701, 21.7592513881113],
  [50.4258662450135, 21.7592017213601],
  [50.4257661368705, 21.7591393218531],
  [50.4256863563468, 21.7590893510354],
  [50.4256199190378, 21.7590474749966],
  [50.4255537486493, 21.7590060255554],
  [50.4254464633214, 21.7589412603685],
  [50.4254916733311, 21.7584468691273],
  [50.4254939051562, 21.7584217127971],
  [50.4255094131218, 21.7582494164958],
  [50.4251308140753, 21.758015378063],
  [50.4251198897305, 21.7580085890684],
  [50.4248923160084, 21.7581635651436],
  [50.4247687877944, 21.758356229543],
  [50.4247215285995, 21.758378977531],
  [50.4246938375747, 21.7583789574788],
  [50.424640435093, 21.7583786675215],
  [50.4238142890578, 21.7573429122561],
  [50.4234146126298, 21.7568244173399],
  [50.4233453392396, 21.7567346527973],
  [50.4233394499641, 21.7567278038634],
  [50.4233320627439, 21.7566056724576],
  [50.423229830893, 21.7567451963859],
  [50.4222217399268, 21.7581217724436],
  [50.4217810540239, 21.7587370290274],
  [50.4211999958638, 21.7597004339887],
  [50.4201965807526, 21.7614562088492],
  [50.4197201130097, 21.7584361720133],
  [50.4130968676861, 21.7609993713946],
  [50.4107226169416, 21.761988120829],
  [50.4106528493252, 21.7620842209312],
  [50.4104279639094, 21.7625551700071],
  [50.4100238131096, 21.7626269075648],
  [50.4098292876612, 21.7623750434638]
]