[
  [52.919860320924, 18.5325094255822],
  [52.9187134159799, 18.5350932902475],
  [52.9185902290473, 18.5352880324625],
  [52.9177148841696, 18.5363718160703],
  [52.91753324283, 18.5366944348208],
  [52.9173555280325, 18.5369036580147],
  [52.9170936521035, 18.5373413958922],
  [52.9168159940452, 18.5375129510545],
  [52.9166023612262, 18.5378345673376],
  [52.9163863566976, 18.5382034296702],
  [52.9149383256581, 18.5399451351451],
  [52.9146624721984, 18.5403118900582],
  [52.9128887154502, 18.5425291251905],
  [52.9125959061849, 18.5429073787816],
  [52.9118731461575, 18.5438405448348],
  [52.9117518306718, 18.5441140444958],
  [52.9116776728825, 18.5442550842971],
  [52.9116128402426, 18.5443810773668],
  [52.9113777204765, 18.5448376305891],
  [52.9105306361313, 18.5464598263442],
  [52.9105043346395, 18.5465119704679],
  [52.9096881573336, 18.5481307750274],
  [52.9094874908357, 18.5484795049872],
  [52.9093926999924, 18.5486114989385],
  [52.9080309420589, 18.5503972260744],
  [52.9067787253683, 18.5520239983869],
  [52.9065704920937, 18.552374077319],
  [52.9064890521947, 18.5528226806595],
  [52.9062788621295, 18.5540935555079],
  [52.9060741742573, 18.5555493962412],
  [52.9060660837571, 18.5556075594814],
  [52.9059248161551, 18.5566049045517],
  [52.9058381517334, 18.5570718575885],
  [52.9057568096148, 18.5572659766477],
  [52.9056365551331, 18.5574982414188],
  [52.9048784390399, 18.5588161226633],
  [52.9042917019319, 18.5600544199105],
  [52.9037863931364, 18.5607173417812],
  [52.9036492659264, 18.5609814729951],
  [52.9035309067532, 18.561210470899],
  [52.9034268610102, 18.5615292768669],
  [52.902852081555, 18.5639354269384],
  [52.902692016555, 18.5645997972727],
  [52.9023546088239, 18.5660253516367],
  [52.9022893073112, 18.5663013923305],
  [52.9021970688695, 18.5666854295149],
  [52.9020212799437, 18.56742121208],
  [52.9020182527292, 18.5674341029829],
  [52.9020046826323, 18.5674905521371],
  [52.9019625038471, 18.5676662711009],
  [52.9016634607535, 18.5689546541717],
  [52.9015930446768, 18.5692463732749],
  [52.9013000004577, 18.5704796741269],
  [52.901111354012, 18.5711558080944],
  [52.9010033887724, 18.5717233150374],
  [52.9009368339835, 18.5720329107787],
  [52.9008631531387, 18.5723664884341],
  [52.9006310812214, 18.573286516388],
  [52.9006127062015, 18.573351072667],
  [52.9005724867669, 18.5734914344493],
  [52.9005517300138, 18.5735653222219],
  [52.9005020476105, 18.5736367472304],
  [52.9002720781487, 18.5739710774501],
  [52.8991194766676, 18.5755961223589],
  [52.8983101486914, 18.576721546602],
  [52.8980813073725, 18.5770438211346],
  [52.8979317169844, 18.5773130508551],
  [52.8976778185514, 18.5785550375607],
  [52.8975095080615, 18.5796033237515],
  [52.8972469883494, 18.5813535634514],
  [52.8968168039818, 18.5840072985515],
  [52.8966141311897, 18.5853625492931],
  [52.8965003174189, 18.5861727077959],
  [52.896453166089, 18.5865126787347],
  [52.8963816605448, 18.586997954535],
  [52.8963657017036, 18.587081255846],
  [52.895925675541, 18.5898451612441],
  [52.8958763705736, 18.5900919191645],
  [52.8955109997467, 18.592684698972],
  [52.8953892435691, 18.5933657218034],
  [52.8951376612741, 18.5950627443047],
  [52.8951201787375, 18.5953772448656],
  [52.8950457071428, 18.5967504975816],
  [52.8949814173042, 18.5974724146556],
  [52.894951439884, 18.5976969856784],
  [52.8949369935989, 18.5977639549722],
  [52.8949134667306, 18.5978316908783],
  [52.8945982933964, 18.5989567192804],
  [52.8944526909857, 18.5994230998264],
  [52.8939736945956, 18.6012011601492],
  [52.8932183415372, 18.6039138785727],
  [52.8930329753004, 18.6045789411357],
  [52.8929304866848, 18.6049925409746],
  [52.8925386818797, 18.6065920460641],
  [52.8920422466744, 18.6087533702873],
  [52.891693998398, 18.610191308351],
  [52.8911114627465, 18.6126026002934],
  [52.8909684197264, 18.6131546697113],
  [52.8908146501939, 18.6138516057799],
  [52.890373827238, 18.6157304935937],
  [52.8902071560901, 18.6163995911302],
  [52.8900934587891, 18.6168869729266],
  [52.8897594366871, 18.6183180010009],
  [52.8894145154783, 18.6197849574552],
  [52.8893391963101, 18.620148356971],
  [52.8892973393638, 18.6203507236315],
  [52.8888850367131, 18.6221180072872],
  [52.8887154271685, 18.6228607116113],
  [52.8887134034684, 18.6228695974501],
  [52.8887168571028, 18.6230678537035],
  [52.8887155334999, 18.6231317244557],
  [52.8887130423147, 18.6232468388223],
  [52.8885712344748, 18.6236055578799],
  [52.8885382756909, 18.6237038907134],
  [52.888301116572, 18.6248488567103],
  [52.8883925626903, 18.62497601861],
  [52.8886013288345, 18.625112297722],
  [52.8885835184537, 18.6263777974091],
  [52.8886163483456, 18.6264917861],
  [52.8886636388133, 18.6267946808666],
  [52.8888675690872, 18.6270124709654],
  [52.8890427361173, 18.6271971599207],
  [52.8891421581611, 18.6273450970396],
  [52.8892736331219, 18.6274986980908],
  [52.889275286984, 18.6276449273669],
  [52.8893604392564, 18.6276360536577],
  [52.889434874818, 18.6276484211172],
  [52.8895528913664, 18.628001823306],
  [52.8895100486723, 18.6283200643753],
  [52.8894819028915, 18.6284082131235],
  [52.8895135771564, 18.6286043557049],
  [52.8895268339539, 18.6287144993327],
  [52.8895345683911, 18.6288492279929],
  [52.8895075576297, 18.6290454130989],
  [52.8894827936151, 18.6293093845463],
  [52.8894506141174, 18.6294802350926],
  [52.889482660823, 18.6294870884175],
  [52.8896404941041, 18.629397698552],
  [52.8897564395057, 18.6293439559906],
  [52.8898278329697, 18.6294724756081],
  [52.889879138779, 18.6295420135998],
  [52.8899540763746, 18.6295783139479],
  [52.8900603488476, 18.6296201203582],
  [52.8901153777801, 18.6295806510181],
  [52.8902487205279, 18.6296017506185],
  [52.8903138925921, 18.629530630581],
  [52.8904255052499, 18.6293956964703],
  [52.8906855757914, 18.6294482002909],
  [52.8908987689293, 18.6300536655697],
  [52.8908603579176, 18.6302978332977],
  [52.8908427686197, 18.630377815724],
  [52.8907989535395, 18.6305902551914],
  [52.8907485991052, 18.6307140409821],
  [52.8907597769492, 18.6308091508479],
  [52.8909992318462, 18.630935955734],
  [52.8911297017523, 18.6310917885306],
  [52.8916875093194, 18.631549378147],
  [52.8921912861166, 18.6319090140199],
  [52.8922812203407, 18.6319979918784],
  [52.8923082746685, 18.6321154767841],
  [52.8923177680195, 18.63218916851],
  [52.8923425462279, 18.6323627887568],
  [52.8923492317135, 18.6324743310081],
  [52.8922686166526, 18.632626802676],
  [52.8921715268405, 18.6326665492041],
  [52.8921591440084, 18.6327810823992],
  [52.892171004269, 18.632950204983],
  [52.8922026944495, 18.6332768277637],
  [52.8922360278433, 18.6334131274996],
  [52.8923149458563, 18.6335285461262],
  [52.8923591891999, 18.6335569781854],
  [52.8924256677843, 18.6335277830645],
  [52.8925950607507, 18.6336305540209],
  [52.8926006741936, 18.6338585792902],
  [52.8926021182006, 18.6340594996383],
  [52.8925821778458, 18.6341248872244],
  [52.8928497501547, 18.6343204799619],
  [52.892921845495, 18.6344848386858],
  [52.8930574431774, 18.634739728755],
  [52.8930383623496, 18.6349468895161],
  [52.8929538032949, 18.6351640889474],
  [52.8928941961259, 18.6352358805857],
  [52.8927908102631, 18.6352428389362],
  [52.8926515748103, 18.6353323373347],
  [52.8926125830399, 18.635363863518],
  [52.8926228792353, 18.6354718934908],
  [52.8926118702845, 18.6356146800857],
  [52.8924947873775, 18.6357796895049],
  [52.8924313173184, 18.6359182901248],
  [52.892394087967, 18.6361409325955],
  [52.8922910245153, 18.6362554748454],
  [52.8922134274502, 18.6363804938553],
  [52.8921952336796, 18.6366898947167],
  [52.892150189729, 18.6369115292192],
  [52.8920516408116, 18.6369549594924],
  [52.8919827605455, 18.6370631648889],
  [52.8919143946424, 18.637175983833],
  [52.8918238444022, 18.6373198298491],
  [52.8917952034748, 18.6373650273089],
  [52.8918450797221, 18.6375326272891],
  [52.8918904743018, 18.6375138278403],
  [52.8921250018836, 18.6374187521033],
  [52.8921730363799, 18.6375276322767],
  [52.8921601370121, 18.6377709863763],
  [52.891896501522, 18.6379813859507],
  [52.8918124854903, 18.6380462755351],
  [52.8918038534099, 18.6381977120508],
  [52.891751446326, 18.6383675250651],
  [52.8916825150684, 18.6383512074515],
  [52.8916103255686, 18.6383057182292],
  [52.8915418865255, 18.6382145183617],
  [52.8914577059092, 18.6379921795779],
  [52.8913283974749, 18.6379229697331],
  [52.8910756453932, 18.6377801797059],
  [52.8910003370784, 18.6377631753322],
  [52.890994447875, 18.6378390177053],
  [52.8910651894114, 18.6378864158965],
  [52.8911069716474, 18.638105158027],
  [52.8910419182361, 18.6386548729271],
  [52.8909454593886, 18.6389445400566],
  [52.89088939391, 18.6389422297393],
  [52.890801178187, 18.6390192384379],
  [52.890767567396, 18.6390860544639],
  [52.8908516182968, 18.639215225128],
  [52.8908725430143, 18.6392513427257],
  [52.8908695939974, 18.6393150437036],
  [52.8907152369937, 18.6395919689556],
  [52.8906592904498, 18.6396009522215],
  [52.8906121948606, 18.6395350291231],
  [52.8905301770678, 18.639529067178],
  [52.8905163189964, 18.6397827984901],
  [52.8904412556446, 18.6398204744195],
  [52.8902976649421, 18.6396834437228],
  [52.8901629409583, 18.639668830591],
  [52.890153587171, 18.6395533903012],
  [52.8901491188909, 18.6394986449614],
  [52.890147691474, 18.6394466189264],
  [52.8901459066984, 18.6393775002712],
  [52.8901222544814, 18.6393639281154],
  [52.8900554577527, 18.6394519479655],
  [52.889971369005, 18.6393465522952],
  [52.8899495664248, 18.6394401372934],
  [52.8898959849379, 18.6393436601076],
  [52.8899487674638, 18.6390208183543],
  [52.8898738432954, 18.6389491387103],
  [52.8897672635307, 18.6390151774658],
  [52.8897455262917, 18.6391133692677],
  [52.8897231597679, 18.6392449831913],
  [52.8896411037867, 18.6393462990588],
  [52.8896123203371, 18.6396014399707],
  [52.8896099425997, 18.6396257727408],
  [52.889604427414, 18.63968200487],
  [52.8896141382173, 18.6397478219387],
  [52.889674823904, 18.640160293571],
  [52.8898927562508, 18.6399098697403],
  [52.8899884374086, 18.6400152884713],
  [52.8898714294736, 18.6404319800158],
  [52.8899734888442, 18.640454434739],
  [52.8899626701426, 18.6406608086653],
  [52.8897837076503, 18.6410336432645],
  [52.8897748542863, 18.641158769416],
  [52.8895333001298, 18.6412896735145],
  [52.8894876504339, 18.6412057930256],
  [52.8895073308449, 18.6407896035601],
  [52.8892830924032, 18.64095924727],
  [52.8892280041348, 18.6409423877731],
  [52.8892171101424, 18.6409627314894],
  [52.8893023740474, 18.641199790254],
  [52.8893603796109, 18.6412422494513],
  [52.8893859108243, 18.6413738251806],
  [52.8890330752259, 18.6414592524197],
  [52.8891596118038, 18.6416752276063],
  [52.8892489610816, 18.6422701350513],
  [52.8893101750589, 18.6423839628689],
  [52.8893433515534, 18.642381184495],
  [52.8892977460601, 18.6421562986968],
  [52.8893498052864, 18.6420352298946],
  [52.8894229290138, 18.6420572605609],
  [52.88962806025, 18.6423801929676],
  [52.8897008715617, 18.6422106945953],
  [52.8898106420171, 18.6423194464804],
  [52.8898609469414, 18.6424895767977],
  [52.8895885181745, 18.642861911765],
  [52.8897358764042, 18.6429165421336],
  [52.8897927859349, 18.6429123322711],
  [52.8898230026348, 18.6428420530233],
  [52.8899591008034, 18.6427687337804],
  [52.8900005912458, 18.6428902959697],
  [52.8899514648838, 18.6432662324929],
  [52.8899202621036, 18.6432696337847],
  [52.8899097845853, 18.6434121202862],
  [52.8900651826206, 18.643376086227],
  [52.8900838383398, 18.6434326763954],
  [52.8901875363742, 18.6434013744327],
  [52.8902733054223, 18.6431626776243],
  [52.8903988359904, 18.6435637880982],
  [52.890509563695, 18.6434624572456],
  [52.8905487536663, 18.643461105962],
  [52.8906336302694, 18.6439179321066],
  [52.8907887788748, 18.6436792215235],
  [52.8909055882063, 18.6437160187812],
  [52.8909673699857, 18.6438906341677],
  [52.8910207456354, 18.6440575474215],
  [52.890917204763, 18.6441924168893],
  [52.8908858701334, 18.6445017590549],
  [52.8909531667524, 18.6447363385102],
  [52.8909534974327, 18.6448740850401],
  [52.8907339367277, 18.6450087160006],
  [52.8907187150862, 18.6450811494746],
  [52.8908063322353, 18.6454790318554],
  [52.8907318527733, 18.6458553385626],
  [52.8908143158069, 18.6460437853162],
  [52.8908161072865, 18.6462100820708],
  [52.8907899474158, 18.6463437194354],
  [52.8908785921525, 18.6463869399506],
  [52.8910025318838, 18.6464014137461],
  [52.8910161922462, 18.6466490173475],
  [52.8909475765426, 18.6466904925299],
  [52.8909357988842, 18.646856439235],
  [52.8912279745497, 18.6471179973862],
  [52.8913876117622, 18.647260792536],
  [52.8914625363166, 18.6474633971699],
  [52.8914157271089, 18.6476260002785],
  [52.8915495378145, 18.6477914444435],
  [52.8916166104108, 18.6479835322936],
  [52.8918208766818, 18.6483302709235],
  [52.8918889401872, 18.6483571415023],
  [52.8920764601167, 18.6484459747285],
  [52.8922038459294, 18.6483723906724],
  [52.8923342037395, 18.6480835387848],
  [52.8923991486866, 18.648023138363],
  [52.892433133853, 18.6479215613838],
  [52.8925325593509, 18.6482288505365],
  [52.8925565299441, 18.6480850718878],
  [52.8927056585949, 18.6478970952206],
  [52.892728323003, 18.6477455694225],
  [52.8926747933059, 18.6477397191685],
  [52.8926318952166, 18.647613517406],
  [52.8926719227455, 18.6474420416111],
  [52.8927019445286, 18.6474080150326],
  [52.8928009595119, 18.6472962610855],
  [52.8930832140858, 18.6473992824469],
  [52.8930917599395, 18.6472658220504],
  [52.8930064671443, 18.6471847555457],
  [52.8929076350709, 18.6469990252211],
  [52.8929490614676, 18.6468345525904],
  [52.8931806175431, 18.6468574660223],
  [52.8933691596095, 18.6470558265707],
  [52.8936217779888, 18.6471386428068],
  [52.8937255595827, 18.6467786494811],
  [52.8937879950316, 18.6467168704571],
  [52.8938428354774, 18.6467295746537],
  [52.8940136987857, 18.647055321057],
  [52.8942443910293, 18.6471708011261],
  [52.8942080968153, 18.647646671262],
  [52.8941954126955, 18.6478138054446],
  [52.894215217048, 18.6479395189491],
  [52.8943588328037, 18.6478230777878],
  [52.8944453995874, 18.6478682057589],
  [52.8944577004799, 18.6480514651315],
  [52.8945685591542, 18.6481574366357],
  [52.8947345111151, 18.6487400529212],
  [52.8948383493128, 18.6487985180087],
  [52.8948874585469, 18.6487580886212],
  [52.8949159651805, 18.6485243172825],
  [52.8950147740758, 18.6485492714547],
  [52.8952370691777, 18.6483424649055],
  [52.8952706106078, 18.6481904983902],
  [52.8953989624843, 18.6480551034794],
  [52.8954853069629, 18.648042125486],
  [52.8955834408824, 18.6481578661507],
  [52.8956591447977, 18.648382051287],
  [52.8955519466479, 18.6487579064427],
  [52.8954802799969, 18.6490122866875],
  [52.8956787133569, 18.6491267047012],
  [52.8956095387745, 18.6493689367604],
  [52.8955549134439, 18.6497113963446],
  [52.8955355833117, 18.6497622271387],
  [52.8954204837192, 18.649708940119],
  [52.8953911377328, 18.6498328826356],
  [52.8954112189631, 18.6500718408367],
  [52.8953678319303, 18.6500847145592],
  [52.8953198822798, 18.650028122116],
  [52.8952207505089, 18.6501443326321],
  [52.8952237889927, 18.650590633633],
  [52.895232713924, 18.6506347538548],
  [52.8953251778649, 18.6507679500074],
  [52.8955047886289, 18.6507581577275],
  [52.8955774366693, 18.6505714099159],
  [52.8956859167345, 18.6506026067697],
  [52.8959466685901, 18.6509227447251],
  [52.8959182887968, 18.6506240680253],
  [52.8959520293466, 18.6506331924702],
  [52.8960978525141, 18.650672082158],
  [52.8961861499899, 18.6510244132838],
  [52.8961558806046, 18.6513821011836],
  [52.8963933027667, 18.6515314448228],
  [52.8965433729278, 18.6515824388631],
  [52.896585663338, 18.6517367337475],
  [52.8966104914773, 18.6518469275373],
  [52.8966235641829, 18.6519703197582],
  [52.8967158890974, 18.6521776765376],
  [52.8969488849959, 18.6523309724652],
  [52.8970491567253, 18.6524657808976],
  [52.8970701325071, 18.6529334730549],
  [52.8968104571822, 18.6530888786302],
  [52.8966416156321, 18.6532157780083],
  [52.8965417376875, 18.6530585352588],
  [52.8963565799158, 18.6530310830534],
  [52.8962910055974, 18.6527967844884],
  [52.8962029342507, 18.6527150649021],
  [52.8961242754506, 18.6526539947263],
  [52.8960793454943, 18.6528658265797],
  [52.895983921366, 18.6529282930613],
  [52.895892390651, 18.6530181612129],
  [52.8957737651362, 18.6530180127568],
  [52.8956508417448, 18.6529332436148],
  [52.8955437236613, 18.6534389689736],
  [52.8954981730182, 18.6534693421262],
  [52.8957518609134, 18.6538632463601],
  [52.8961194159069, 18.6542725418522],
  [52.8962866088888, 18.6542656976388],
  [52.8964701775933, 18.6545652315275],
  [52.8965025788256, 18.6548173124815],
  [52.8966501199748, 18.6552126049899],
  [52.8968134133454, 18.6556030852264],
  [52.8968221100344, 18.6556882206776],
  [52.896782610025, 18.6557782757416],
  [52.8964893395432, 18.6557511117439],
  [52.8964205250685, 18.6558117450712],
  [52.8963450757394, 18.6560974178264],
  [52.896341604785, 18.6566767845367],
  [52.8962797490875, 18.6568440725448],
  [52.8961373569053, 18.6569489162357],
  [52.8959985691486, 18.6573281403339],
  [52.8959083772921, 18.6574190597665],
  [52.8958474930017, 18.657930084132],
  [52.8958730247941, 18.6583177367935],
  [52.8958434376457, 18.6584997759067],
  [52.8958750429167, 18.6586507923749],
  [52.8958618180811, 18.6587829993627],
  [52.8958397998482, 18.6588641012418],
  [52.895677803052, 18.6591167989522],
  [52.8955364773342, 18.6592072353288],
  [52.8954682195741, 18.6594586780511],
  [52.8954655591637, 18.6594684455406],
  [52.8954563286958, 18.6595608857845],
  [52.8954400490551, 18.6597251433175],
  [52.8953277651739, 18.6598290954306],
  [52.8952247814499, 18.6599251637025],
  [52.8951105479601, 18.6598785504022],
  [52.8951192450927, 18.6596718271851],
  [52.8950979405259, 18.6595110125771],
  [52.895006703888, 18.6594498893273],
  [52.8948389474365, 18.6594934095725],
  [52.8947920638606, 18.6596988086305],
  [52.8947672960916, 18.6599512041249],
  [52.8947519392318, 18.6602080517953],
  [52.8946022318299, 18.660286467243],
  [52.8946256672854, 18.6605164123874],
  [52.8945790321397, 18.6606929845078],
  [52.8945972778447, 18.6608218019999],
  [52.8947852756418, 18.6611460872906],
  [52.8948817900329, 18.6612114549776],
  [52.8949650913542, 18.6611965251231],
  [52.8949933544634, 18.6612531270267],
  [52.8949984007623, 18.6613798132131],
  [52.894962372721, 18.6614427179809],
  [52.8950427642242, 18.6616114171929],
  [52.8951912186653, 18.6620322932663],
  [52.8952408044661, 18.6620361695577],
  [52.8953464913977, 18.6623260713826],
  [52.8953267869563, 18.6625075132917],
  [52.8952710489599, 18.6625754667297],
  [52.8952796532929, 18.662740696478],
  [52.8951615196161, 18.6629100851612],
  [52.8951019006349, 18.6628843587599],
  [52.8949945580163, 18.6629880801251],
  [52.8949585482252, 18.6631441575646],
  [52.8947405219623, 18.6634187147778],
  [52.8946165259547, 18.6634951341993],
  [52.8945533244106, 18.6634189768564],
  [52.8943959064268, 18.6635259430444],
  [52.8942968138263, 18.6636971030559],
  [52.8943055445359, 18.6639198395412],
  [52.8943524253155, 18.6639253111661],
  [52.8943788480324, 18.6637320885538],
  [52.8944842750181, 18.6638265747096],
  [52.8945520477041, 18.6638405385378],
  [52.8945908553077, 18.6636503275953],
  [52.89472381807, 18.6638187925143],
  [52.8946839622781, 18.6639713916885],
  [52.8947978930202, 18.6639432639143],
  [52.8949278935108, 18.6643521238447],
  [52.8949668374259, 18.6643626757366],
  [52.8950089122323, 18.6643597526883],
  [52.8950715031513, 18.6644164358984],
  [52.8950897403542, 18.6646584917197],
  [52.8950735508695, 18.6647732626364],
  [52.8949705468406, 18.6650327810869],
  [52.8950507401924, 18.6651878125189],
  [52.8951270883564, 18.6654035642772],
  [52.8952070824988, 18.6655138643112],
  [52.8952912946604, 18.6657053669419],
  [52.8953301849167, 18.6657735775632],
  [52.8954783339418, 18.6657333471189],
  [52.8955999104239, 18.6657682003931],
  [52.8957796863206, 18.6660017394256],
  [52.8958067490014, 18.6661598245939],
  [52.8957548243291, 18.6665088449907],
  [52.895794747894, 18.6666810966478],
  [52.8957108221313, 18.6669192114468],
  [52.8959205562531, 18.667626525273],
  [52.89606682866, 18.667632488325],
  [52.8961481478598, 18.6677784808158],
  [52.8962001309631, 18.6679473540738],
  [52.8962101455958, 18.6682759289874],
  [52.8962925273183, 18.6683926639329],
  [52.8962862143975, 18.668460480213],
  [52.8960394487306, 18.6686816729596],
  [52.8958252085824, 18.6686965052262],
  [52.8958069371801, 18.6687972756469],
  [52.895738505333, 18.6689164437287],
  [52.8957167437187, 18.6690305345661],
  [52.8956344482738, 18.6691698473561],
  [52.8955648358462, 18.6692273253025],
  [52.8955281846927, 18.6692884315524],
  [52.895553450021, 18.6693978965052],
  [52.8953816150729, 18.6697657184329],
  [52.8953583292865, 18.6701817474559],
  [52.8954686279884, 18.6706063766308],
  [52.8955261595495, 18.6706991022414],
  [52.8956513417053, 18.6709545547561],
  [52.8957933008992, 18.6710558669932],
  [52.8959279435824, 18.6712114565931],
  [52.8959294696251, 18.6714502897306],
  [52.8957559664327, 18.6717941555114],
  [52.8957702378669, 18.671908505058],
  [52.8958230939653, 18.6720014579358],
  [52.8959061249559, 18.6720504447466],
  [52.8959799562991, 18.6719940763702],
  [52.8959826971901, 18.6718749367462],
  [52.8960622330445, 18.6716361676767],
  [52.8962526763911, 18.6716181584059],
  [52.8963647102116, 18.6714171900639],
  [52.896812551326, 18.6715079270719],
  [52.8969838456009, 18.6716660203611],
  [52.8970767776789, 18.6715692261787],
  [52.8974424710047, 18.6715977656674],
  [52.8974531423481, 18.6716972028216],
  [52.8976962531252, 18.6719326478283],
  [52.8977714156978, 18.6718315652949],
  [52.8978613895953, 18.6718605987167],
  [52.8978953732037, 18.6719694628725],
  [52.8978416380418, 18.672143102575],
  [52.8979497015247, 18.6724850978148],
  [52.8977884114673, 18.6727506973273],
  [52.8977713248106, 18.6728638237704],
  [52.8976429151935, 18.6731947249966],
  [52.8978954652703, 18.6733181232872],
  [52.8980313475839, 18.6732386409096],
  [52.8981743242285, 18.6732393706629],
  [52.8982384291155, 18.6732501726875],
  [52.8982855762624, 18.6733195630242],
  [52.8983021165393, 18.6735565614382],
  [52.8982192132356, 18.6736753558215],
  [52.8982201273159, 18.6737835607569],
  [52.8983466527157, 18.6737852260514],
  [52.8985046606277, 18.6737343242549],
  [52.8985864334975, 18.6738307061025],
  [52.8986380281059, 18.6739715018815],
  [52.8986660539529, 18.6744171878841],
  [52.898881416746, 18.6743313619903],
  [52.8989705091827, 18.6744522325173],
  [52.8990874451492, 18.6746233225184],
  [52.8992946817237, 18.6750662998474],
  [52.8993157410282, 18.6751716996605],
  [52.8992707260205, 18.6752965815825],
  [52.8990775131647, 18.6752958071101],
  [52.8989793516184, 18.6754741067945],
  [52.8987902334985, 18.6755750483247],
  [52.8987673357892, 18.6757613533651],
  [52.898658737761, 18.6760521386576],
  [52.8986507568821, 18.6760964503855],
  [52.8985670944224, 18.6763954989283],
  [52.8983665182893, 18.6766777150148],
  [52.8983473745089, 18.6774979154902],
  [52.898237904844, 18.6779092058394],
  [52.8979807653306, 18.6782443276262],
  [52.8978363349501, 18.6782306294309],
  [52.8977962807645, 18.6784147291154],
  [52.8979000003809, 18.6787273951581],
  [52.8978914499445, 18.6789183773637],
  [52.8976357261483, 18.6790210839382],
  [52.8975687125908, 18.6792047605358],
  [52.8975426951431, 18.6792912914201],
  [52.8975652052513, 18.6794094923257],
  [52.8975978214394, 18.6793948440601],
  [52.8976968863979, 18.6792324744418],
  [52.8977548003349, 18.6793200208598],
  [52.8978305549551, 18.679462238679],
  [52.8977590474902, 18.6797087080526],
  [52.8976382228892, 18.6798729654434],
  [52.8975757093213, 18.6800238680452],
  [52.8973378248539, 18.6799771956977],
  [52.8972619920245, 18.6800999498138],
  [52.8975253446291, 18.680250306395],
  [52.8975523551702, 18.680335735112],
  [52.8974294423001, 18.6805819905652],
  [52.8973780510227, 18.6807991975522],
  [52.897278270564, 18.6808194795555],
  [52.8971656626389, 18.6809453708413],
  [52.8972044856676, 18.6810708120216],
  [52.8971943623627, 18.6813160088035],
  [52.8972648251211, 18.6816283042591],
  [52.8973979221299, 18.6815496969429],
  [52.8974358307803, 18.6814898069964],
  [52.8975062068666, 18.6814882360421],
  [52.897525173068, 18.6815502072982],
  [52.897521000569, 18.681650900333],
  [52.8974206697036, 18.6817983828341],
  [52.8975229284516, 18.681894355996],
  [52.8976797616399, 18.6818608537658],
  [52.8978382951523, 18.6820008087071],
  [52.8980005668871, 18.6820531417087],
  [52.8980270091245, 18.6821121104386],
  [52.8980328358089, 18.6825214824409],
  [52.8985010585946, 18.6824888618564],
  [52.8985609346663, 18.682484749689],
  [52.8985144329141, 18.6830545511592],
  [52.89863299051, 18.6845184915317],
  [52.8986333895365, 18.685664766776],
  [52.8986671744526, 18.6860237601896],
  [52.8988710062441, 18.6867375124641],
  [52.8990277993065, 18.6872861571279],
  [52.8994892558201, 18.6869630803583],
  [52.9002110435849, 18.6882890449629],
  [52.9004372600733, 18.6889991756968],
  [52.9003899245218, 18.689196239703],
  [52.9003675470031, 18.689289218728],
  [52.9002821791288, 18.6896441082436],
  [52.9008560799153, 18.689705981434],
  [52.9010687549436, 18.6894348507936],
  [52.9012685598386, 18.6894146882737],
  [52.9012687810506, 18.6896862282799],
  [52.901419827964, 18.6896435934201],
  [52.9019207545558, 18.6896282128092],
  [52.9021262701475, 18.6897389334089],
  [52.9027925792693, 18.6898431514573],
  [52.9034850601326, 18.6896188663205],
  [52.9040696132814, 18.6899046072094],
  [52.9052030822118, 18.6900975599804],
  [52.9055057096506, 18.690322651545],
  [52.9061678895768, 18.6905186816434],
  [52.9061825927264, 18.6903855843947],
  [52.907439862569, 18.6907548894336],
  [52.9074241420111, 18.6908928795187],
  [52.908109333501, 18.69110326636],
  [52.9093852084295, 18.6914871759718],
  [52.9093976892446, 18.6913963996518],
  [52.9099409726982, 18.6915612856879],
  [52.9101131191339, 18.6910432906369],
  [52.910566212522, 18.6901196173972],
  [52.9113807358307, 18.6902199752216],
  [52.9121919278603, 18.6902440205648],
  [52.9131655961726, 18.6902380925248],
  [52.9133248489206, 18.6902370564145],
  [52.9139149013352, 18.6903338539724],
  [52.9150618568475, 18.6906644510426],
  [52.9152572551101, 18.6924204043453],
  [52.9152837870918, 18.6926326854805],
  [52.9163089303339, 18.6934004491496],
  [52.9174514521639, 18.6937808829628],
  [52.919054600898, 18.6942906253134],
  [52.9200321165891, 18.6947179797639],
  [52.9206944530065, 18.6947013705874],
  [52.9210740091914, 18.6947248426229],
  [52.9214280258896, 18.6948741469137],
  [52.9220662049868, 18.6949621320523],
  [52.922349837399, 18.6949607258446],
  [52.922542916888, 18.6949841890463],
  [52.9235122628698, 18.6953174846163],
  [52.9241519573985, 18.6952231956171],
  [52.9243601698717, 18.6953020724183],
  [52.9244439778646, 18.6954315977006],
  [52.9255339349817, 18.6955637177093],
  [52.9264340833682, 18.6956816483499],
  [52.9265061715909, 18.6956639177691],
  [52.926550269901, 18.6956531739763],
  [52.9270746843496, 18.6955246165512],
  [52.9272781243561, 18.695605059587],
  [52.9275740277238, 18.6955799114207],
  [52.9279087773078, 18.6956736144577],
  [52.9282411675803, 18.6959093055561],
  [52.9289160252642, 18.6959949346218],
  [52.9295930400284, 18.6960498157435],
  [52.9296735988814, 18.6960588415762],
  [52.9302954415487, 18.696127860696],
  [52.9309677215197, 18.696193229412],
  [52.9317561822896, 18.6962924413778],
  [52.9326092639578, 18.6963599733772],
  [52.9336392886568, 18.696428712538],
  [52.9343130220414, 18.6964300089131],
  [52.934404641703, 18.6963458067389],
  [52.9346265530308, 18.6963411881313],
  [52.9349912618775, 18.6965210678811],
  [52.9355705010118, 18.6964836632592],
  [52.9355707854074, 18.6963277864144],
  [52.9358575038597, 18.6963364048209],
  [52.9360783143703, 18.6961208500652],
  [52.9363543592798, 18.6962026269845],
  [52.9367109454213, 18.696296407447],
  [52.9367842569974, 18.6963152849889],
  [52.9370593925004, 18.6963681930192],
  [52.9370688783959, 18.6963750389132],
  [52.9371349263157, 18.6964219133526],
  [52.9371726927778, 18.6964488479565],
  [52.93769011763, 18.696362848638],
  [52.9383830673158, 18.6962133217271],
  [52.9390442096919, 18.6961394416118],
  [52.9394009947982, 18.6961378788548],
  [52.9395890601065, 18.6958204777117],
  [52.9417073889937, 18.6934901750353],
  [52.9430411919297, 18.6924604615078],
  [52.9430459770213, 18.6924566699581],
  [52.9441893513346, 18.6917648410326],
  [52.9442266221359, 18.6911666304711],
  [52.9449735415296, 18.6910846585218],
  [52.9461975324525, 18.6904059489422],
  [52.9470742143151, 18.6903868778031],
  [52.9495122126, 18.6897103166418],
  [52.9495537163278, 18.6896819628561],
  [52.9501874502373, 18.6892505780436],
  [52.9508985958504, 18.6890763368237],
  [52.9521573108979, 18.6885444486299],
  [52.953918472455, 18.6872516302208],
  [52.9555473126909, 18.6854484266273],
  [52.9557668491962, 18.6847329920946],
  [52.9560419150471, 18.6838465488011],
  [52.9567288999673, 18.6831838532024],
  [52.95869556288, 18.6805207440912],
  [52.9593678695444, 18.6794512889893],
  [52.9597258565264, 18.6783736070772],
  [52.9612857616164, 18.6772890915848],
  [52.962319336541, 18.6769879312708],
  [52.9625133737529, 18.6769224986622],
  [52.9634538925718, 18.6767550127309],
  [52.9647636417625, 18.6762304081936],
  [52.9654994084582, 18.6758790075129],
  [52.965898108346, 18.6749690808497],
  [52.9662192963067, 18.6737014436823],
  [52.966278229627, 18.6734670328334],
  [52.9670033545061, 18.6706244118971],
  [52.9675357069663, 18.668682103858],
  [52.9681409774962, 18.666855934041],
  [52.9684522082048, 18.6658904910266],
  [52.9680298859307, 18.6656561068332],
  [52.9679828554483, 18.6656293350797],
  [52.9675066599991, 18.6654024643814],
  [52.966808685095, 18.6650446308086],
  [52.9668235239181, 18.6649623963166],
  [52.9668528744171, 18.6647921170384],
  [52.9675066854434, 18.6650285506775],
  [52.9675920896096, 18.664750020746],
  [52.9677804664408, 18.6646830991266],
  [52.96793152968, 18.6647320073313],
  [52.9684623182205, 18.6650637600001],
  [52.9686684037816, 18.6648835337514],
  [52.9693155306083, 18.6625833469727],
  [52.9700130565887, 18.6601162438827],
  [52.9702860547277, 18.6591478966395],
  [52.9707851196634, 18.6573731603743],
  [52.971359679063, 18.6552339151093],
  [52.971714013457, 18.6539468236624],
  [52.9723770486706, 18.651541898828],
  [52.9724839772374, 18.6511178929527],
  [52.9729363273063, 18.6491371325132],
  [52.9729680312481, 18.6489266590832],
  [52.9729370181745, 18.6483353307875],
  [52.9730598888384, 18.6482983145335],
  [52.973114961036, 18.6482848471332],
  [52.9732371508502, 18.6483561982732],
  [52.9733206439925, 18.6478439918122],
  [52.9734755425664, 18.6468927861882],
  [52.9737852090146, 18.6447948830751],
  [52.973942140902, 18.6434968124375],
  [52.9738490238273, 18.6433002570393],
  [52.9732542842462, 18.6433829808871],
  [52.9725066275281, 18.6433260259527],
  [52.9721035649894, 18.6432942867014],
  [52.9717496274832, 18.643351554747],
  [52.9717179661433, 18.6433567414661],
  [52.9717159511886, 18.6432973142346],
  [52.9717146346005, 18.6432582919418],
  [52.9717133877248, 18.6432229923222],
  [52.9717087354002, 18.6430862648024],
  [52.9722130247103, 18.6430282489259],
  [52.9724714882115, 18.6430106482559],
  [52.9731393577603, 18.6429651815028],
  [52.9739165940985, 18.6426873082115],
  [52.9740122906146, 18.6425066558718],
  [52.9742308875729, 18.6401670668998],
  [52.9745193533348, 18.6364192323997],
  [52.9745805300038, 18.6357348585155],
  [52.9747191466367, 18.6341454116675],
  [52.9748438358408, 18.63270358538],
  [52.9750668402583, 18.6299538116965],
  [52.9750811955522, 18.6297886182258],
  [52.9752658045364, 18.6276773902699],
  [52.975325104019, 18.6265554138101],
  [52.9756188237295, 18.623694789281],
  [52.9756451952913, 18.6235500121681],
  [52.9757653972735, 18.6203109403527],
  [52.9758134553948, 18.6177433112587],
  [52.9759507801771, 18.6143252033927],
  [52.9764155958627, 18.6143554676563],
  [52.978339408428, 18.6145758623212],
  [52.9789456699136, 18.614641787433],
  [52.9791403890907, 18.6143157999582],
  [52.9792566891349, 18.6141221043431],
  [52.979370831286829, 18.61392915234131],
  [52.9747222222222, 18.5813888888889],
  [52.96263774773854, 18.554534501147419],
  [52.962524450593, 18.5546321607254],
  [52.9624781627005, 18.5546720509379],
  [52.9621846446662, 18.5549250296294],
  [52.9620116653563, 18.5542862626989],
  [52.96198048057, 18.5541708172448],
  [52.9617837318583, 18.5534442403589],
  [52.9616890052655, 18.5530788429125],
  [52.961663947755, 18.5529789557157],
  [52.9616510667902, 18.5529274449503],
  [52.9613210290661, 18.5517382574787],
  [52.961363370797272, 18.55170255238906],
  [52.960523068526449, 18.549835214009459],
  [52.9541220530141, 18.5489620531117],
  [52.9538877232144, 18.5489137007601],
  [52.9540296577315, 18.5491980766921],
  [52.9535156986677, 18.5490638934708],
  [52.9535494277808, 18.5488046605528],
  [52.9530435395217, 18.5486351711228],
  [52.9524946177268, 18.5483849387747],
  [52.9517410456274, 18.5479446423407],
  [52.9511096606455, 18.5475109632798],
  [52.950381405281, 18.5468802650767],
  [52.9496301707547, 18.546125655112],
  [52.9489076842333, 18.5452153560746],
  [52.9481333161155, 18.5443685620283],
  [52.9476785868866, 18.5438584817831],
  [52.9468298091349, 18.5425568789191],
  [52.9467445284774, 18.5427333051936],
  [52.9466691722696, 18.5427240304395],
  [52.9465633475818, 18.5427352033607],
  [52.9463489424381, 18.5420420431042],
  [52.9461656725418, 18.5418122723125],
  [52.9457813171033, 18.5412980622922],
  [52.9457289268898, 18.5413961952458],
  [52.9439555306375, 18.538895261101],
  [52.9436392625529, 18.5384646637511],
  [52.9434004214077, 18.5381613368291],
  [52.9428034502074, 18.5374029614491],
  [52.94216048422, 18.536520266949],
  [52.9413715434244, 18.5354633825708],
  [52.9408386793104, 18.5347740018686],
  [52.9403118809629, 18.5340937870312],
  [52.939778024911, 18.5334033866494],
  [52.9392448996572, 18.5327094422303],
  [52.9387170221957, 18.5320267356537],
  [52.9384177779843, 18.5316421157777],
  [52.9383198457443, 18.5315164117528],
  [52.9384057997599, 18.5319692195775],
  [52.9383567866824, 18.532077503567],
  [52.9381284551755, 18.5316109023842],
  [52.9377463964708, 18.5311157979077],
  [52.9378475400505, 18.5309050698985],
  [52.9373506610183, 18.530261609223],
  [52.9365711092249, 18.5293439981931],
  [52.9356282796224, 18.5280786091941],
  [52.9347786456425, 18.5270729134379],
  [52.9308250416481, 18.5219786716745],
  [52.9304146702476, 18.5214958884603],
  [52.93016596893, 18.5212793346202],
  [52.930042534116, 18.5211056321611],
  [52.9299382947352, 18.5208786215264],
  [52.9296405843232, 18.5212224579717],
  [52.9295166181658, 18.5214566896333],
  [52.9294015013545, 18.5217221086991],
  [52.9290802357034, 18.5220881081909],
  [52.9288424706671, 18.5223893745577],
  [52.9284843118022, 18.5224796462841],
  [52.9264883491668, 18.5233799921684],
  [52.9260924951867, 18.5234996865715],
  [52.9255650009257, 18.5238197335012],
  [52.9251879041065, 18.5239246286657],
  [52.9237513274998, 18.5244849856168],
  [52.9233622708242, 18.5247949303259],
  [52.9231037709247, 18.5252313552367],
  [52.9227502406198, 18.5261638653305],
  [52.922576877842, 18.5264903817601],
  [52.9224820538964, 18.5266759932405],
  [52.9223512257658, 18.5267933618384],
  [52.9219914649311, 18.5277500045101],
  [52.9213009419828, 18.5292005705916],
  [52.9211395489829, 18.5296825922823],
  [52.9210032951024, 18.5299277559327],
  [52.9204518797321, 18.5314141559947],
  [52.9202432459311, 18.5318273333961]
]